generation,N_shifts,logPrior,logLik,eventRate,preservationRate,acceptRate
0,1,-0.542319,-9782.01,1,0.43,1
10000,0,-0.425563,-5686.08,0.425563,0.335651,0.2121
20000,0,-0.0854672,-5685.63,0.0854672,0.367338,0.2124
30000,0,-0.566379,-5684.75,0.566379,0.35835,0.220593
40000,0,-0.787073,-5684.55,0.787073,0.351415,0.2288
50000,2,-1.25143,-5675.89,0.930521,0.344764,0.239867
60000,2,-2.93353,-5666.7,1.63893,0.340605,0.2863
70000,1,-0.132182,-5676.22,0.556582,0.339628,0.2789
80000,2,-0.273496,-5671.51,1.0942,0.343182,0.244225
90000,2,-1.35344,-5679.15,0.564735,0.355467,0.2488
100000,1,0.109992,-5675.05,0.31662,0.345769,0.2342
110000,0,-0.053283,-5684.29,0.053283,0.350265,0.225067
120000,2,0.242994,-5669.25,0.600886,0.353804,0.2665
130000,0,-0.115069,-5687.7,0.115069,0.34464,0.2311
140000,1,-0.616703,-5683.47,0.889508,0.353985,0.22545
150000,0,-0.160432,-5685.3,0.160432,0.341539,0.2466
160000,1,-0.310241,-5676.02,0.672385,0.353598,0.2122
170000,0,-0.906334,-5684.49,0.906334,0.35434,0.232625
180000,2,-4.08794,-5665.12,2.87766,0.35062,0.2542
190000,2,-3.93231,-5667.71,2.4486,0.348425,0.2667
200000,0,-0.126819,-5685.16,0.126819,0.34778,0.239775
210000,0,-0.214072,-5684.21,0.214072,0.348853,0.209
220000,0,-0.917968,-5686.33,0.917968,0.343276,0.2154
230000,1,0.356744,-5682.88,0.138414,0.353486,0.2085
240000,1,-0.38997,-5679.38,0.924865,0.363019,0.22656
250000,0,-0.73805,-5684.68,0.73805,0.353596,0.2157
260000,2,-1.08049,-5677.75,1.33512,0.34584,0.240133
270000,1,-0.721963,-5674.94,1.15416,0.352247,0.2216
280000,0,-0.375414,-5684.81,0.375414,0.348075,0.2186
290000,0,-0.12442,-5686.79,0.12442,0.349833,0.2131
300000,0,-1.08586,-5685.66,1.08586,0.349757,0.2119
310000,0,-2.97898,-5686.51,2.97898,0.353705,0.2151
320000,0,-0.78871,-5687.33,0.78871,0.364392,0.2199
330000,0,-0.851763,-5688.67,0.851763,0.336964,0.213367
340000,0,-0.107107,-5685.9,0.107107,0.350759,0.21305
350000,0,-0.247097,-5685.33,0.247097,0.34626,0.20905
360000,2,0.51434,-5668.82,0.460306,0.350771,0.2516
370000,0,-0.627262,-5684.65,0.627262,0.353266,0.229467
380000,2,-1.07122,-5668.52,1.13931,0.355347,0.2696
390000,3,-3.63607,-5669.46,3.72804,0.347538,0.22395
400000,0,-0.350031,-5684.76,0.350031,0.34372,0.22085
410000,0,-0.424138,-5684.35,0.424138,0.354476,0.2326
420000,0,-0.365454,-5684.55,0.365454,0.3582,0.2188
430000,0,-0.597683,-5685.32,0.597683,0.34881,0.2455
440000,0,-0.0179785,-5684.93,0.0179785,0.339855,0.2062
450000,0,-0.545437,-5684.48,0.545437,0.354774,0.22524
460000,2,-2.19462,-5672.66,2.27451,0.359543,0.2422
470000,1,0.0604492,-5681.94,0.0301167,0.350122,0.22795
480000,2,-2.10213,-5665.4,0.386757,0.353485,0.24655
490000,2,-2.62035,-5668.8,2.31361,0.372577,0.2608
500000,3,-1.76991,-5666.79,2.32208,0.345552,0.288
510000,3,-2.61143,-5670.54,2.55609,0.332104,0.2838
520000,0,-0.402742,-5684.62,0.402742,0.34552,0.237775
530000,0,-0.652159,-5688.08,0.652159,0.349538,0.225
540000,2,-0.285481,-5677.26,1.09286,0.344376,0.238533
550000,1,-0.862977,-5677.47,1.26038,0.347996,0.2429
560000,1,-0.135302,-5677.75,0.612643,0.349465,0.226567
570000,1,-0.206401,-5679.25,0.72286,0.351229,0.2588
580000,2,-1.201,-5674.55,0.78596,0.358088,0.2274
590000,1,-0.692257,-5678.61,1.1087,0.338083,0.2381
600000,0,-0.311134,-5684.9,0.311134,0.351863,0.23825
610000,0,-0.631551,-5686.15,0.631551,0.335522,0.22005
620000,1,-0.324992,-5678.07,0.816599,0.364426,0.22765
630000,2,-0.608222,-5673.56,0.384962,0.347612,0.2543
640000,2,-0.914195,-5671.6,0.964439,0.35853,0.2542
650000,1,-0.633138,-5685.16,0.693599,0.351133,0.2417
660000,0,-0.398492,-5685.8,0.398492,0.363588,0.2205
670000,2,-4.84094,-5669.95,2.35472,0.347491,0.2149
680000,0,-1.58662,-5684.62,1.58662,0.357983,0.21995
690000,0,-0.574397,-5688.07,0.574397,0.377771,0.24855
700000,2,-0.55914,-5669.83,1.50336,0.357399,0.2478
710000,1,-0.945842,-5678.32,1.35993,0.366433,0.2725
720000,0,-0.00658871,-5685.71,0.00658871,0.335349,0.2615
730000,1,-2.02064,-5683.8,2.51313,0.339248,0.2155
740000,1,-1.0962,-5678.53,1.60516,0.343027,0.2395
750000,2,-1.5498,-5676.64,1.43805,0.343998,0.2412
760000,1,-3.76273,-5682.31,1.44627,0.356617,0.2264
770000,0,-0.313716,-5684.48,0.313716,0.351034,0.237025
780000,0,-0.25782,-5686.45,0.25782,0.338361,0.2144
790000,1,0.220081,-5677.79,0.137523,0.353907,0.217367
800000,4,-2.27494,-5664.11,2.16546,0.341648,0.23075
810000,3,-2.12461,-5659.9,0.798452,0.354762,0.25225
820000,2,-2.31152,-5667.11,1.97459,0.352659,0.2748
830000,3,-1.58486,-5672.52,1.53431,0.340123,0.2763
840000,0,-0.00667609,-5684.35,0.00667609,0.348618,0.226267
850000,3,-2.68117,-5661.59,1.20086,0.360112,0.25695
860000,0,-0.27401,-5686.31,0.27401,0.332958,0.22475
870000,1,-0.537569,-5676,1.00216,0.351566,0.2449
880000,1,0.308268,-5680.06,0.0790852,0.3494,0.2626
890000,1,0.248306,-5680.75,0.315199,0.344162,0.212
900000,1,-0.122228,-5677.98,0.478947,0.346601,0.239225
910000,3,-1.85106,-5661.48,2.51991,0.351206,0.2577
920000,1,-1.0977,-5682.47,1.55113,0.381586,0.2631
930000,1,0.107183,-5680.31,0.3102,0.33538,0.22395
940000,0,-1.09597,-5684.47,1.09597,0.343834,0.2377
950000,0,-0.0472586,-5686.11,0.0472586,0.355522,0.2239
960000,3,-0.410782,-5674.19,1.08336,0.331076,0.22715
970000,1,-0.54905,-5676.57,1.12976,0.35852,0.259
980000,1,-1.30265,-5686.45,0.976842,0.338181,0.229167
990000,0,-0.0674455,-5685.51,0.0674455,0.338087,0.203
1000000,2,-1.78961,-5676.09,1.55902,0.346956,0.226467
1010000,0,-0.414719,-5690.23,0.414719,0.339573,0.2335
1020000,1,-0.803276,-5682.18,0.560794,0.353947,0.2143
1030000,0,-0.650426,-5687.09,0.650426,0.342607,0.229375
1040000,0,-0.0758741,-5685.53,0.0758741,0.337549,0.2073
1050000,0,-1.02288,-5684.38,1.02288,0.345054,0.2112
1060000,0,-0.21405,-5684.55,0.21405,0.345146,0.2202
1070000,0,-0.158626,-5685.69,0.158626,0.366994,0.2072
1080000,2,-3.19938,-5672.89,4.24849,0.352045,0.213
1090000,2,0.581138,-5672.47,0.216314,0.353947,0.222629
1100000,0,-0.462935,-5691.51,0.462935,0.373969,0.2601
1110000,0,-0.697988,-5684.77,0.697988,0.340718,0.2209
1120000,1,-0.0678468,-5678.24,0.517157,0.332106,0.23785
1130000,2,-0.256196,-5673.48,0.888849,0.359608,0.241
1140000,0,-0.00821326,-5685.24,0.00821326,0.347298,0.236367
1150000,0,-0.364359,-5687.55,0.364359,0.35477,0.2507
1160000,1,-2.04015,-5681.75,1.6075,0.341015,0.234
1170000,0,-0.340263,-5684.96,0.340263,0.350521,0.2167
1180000,1,-0.614876,-5687.19,0.141848,0.329779,0.2231
1190000,0,-0.29395,-5685.1,0.29395,0.361861,0.2047
1200000,2,-3.32648,-5682.42,2.45871,0.332648,0.2061
1210000,0,-1.93334,-5684.63,1.93334,0.350268,0.220971
1220000,3,-0.993559,-5668.85,0.924901,0.342964,0.22315
1230000,3,-0.413048,-5669.82,1.27999,0.34206,0.239
1240000,0,-0.00913413,-5685.73,0.00913413,0.344957,0.2329
1250000,1,-0.610135,-5678.58,0.975488,0.337852,0.246933
1260000,0,-0.0298182,-5685.41,0.0298182,0.364347,0.2306
1270000,1,-1.45469,-5676.4,1.82683,0.359374,0.21885
1280000,0,-0.375223,-5685.79,0.375223,0.367551,0.2071
1290000,0,-0.0618716,-5686.71,0.0618716,0.349106,0.211
1300000,1,0.336528,-5675.96,0.0969162,0.339122,0.213275
1310000,4,-1.30241,-5666.43,1.42358,0.362425,0.24785
1320000,0,-0.0803455,-5685.95,0.0803455,0.365555,0.2291
1330000,0,-1.89066,-5686.3,1.89066,0.340055,0.219533
1340000,1,-0.149809,-5677.09,0.621618,0.356439,0.2221
1350000,1,-0.601244,-5678.7,1.08918,0.347082,0.226167
1360000,3,-0.384711,-5668.68,1.24436,0.336177,0.22865
1370000,5,-8.15741,-5668.19,5.59194,0.352989,0.23445
1380000,1,-0.0197578,-5679.21,0.611831,0.340683,0.211
1390000,1,-1.44007,-5684.21,1.06141,0.358002,0.2104
1400000,0,-1.50959,-5685.96,1.50959,0.353466,0.2168
1410000,0,-0.0106239,-5685.46,0.0106239,0.340411,0.2245
1420000,0,-0.341506,-5686.68,0.341506,0.344947,0.220067
1430000,0,-0.187441,-5685.97,0.187441,0.356596,0.2118
1440000,1,-0.311994,-5678.43,0.749698,0.352883,0.223233
1450000,1,-0.790288,-5677.4,1.2527,0.341494,0.2161
1460000,0,-0.924055,-5686.31,0.924055,0.369939,0.23195
1470000,0,-0.340527,-5684.47,0.340527,0.344162,0.22335
1480000,3,-2.32045,-5675.31,1.88163,0.341509,0.2166
1490000,0,-0.0096635,-5684.7,0.0096635,0.354305,0.2239
1500000,1,-1.72593,-5677.29,2.14038,0.353209,0.2259
1510000,4,-5.60558,-5667.64,2.44758,0.34043,0.250167
1520000,4,-4.11448,-5660.22,2.42609,0.341137,0.279
1530000,0,-0.0980749,-5686.48,0.0980749,0.334383,0.226867
1540000,0,-0.0850595,-5685.26,0.0850595,0.363228,0.1989
1550000,1,-0.839685,-5684.63,1.07969,0.341584,0.2072
1560000,3,-5.4221,-5668.68,1.90246,0.345927,0.23305
1570000,4,-2.97288,-5665.93,2.78054,0.353889,0.2671
1580000,1,-0.323711,-5684.46,0.855845,0.342319,0.229
1590000,2,-2.08545,-5672.48,1.90892,0.348752,0.2581
1600000,2,-2.2814,-5670.41,1.72203,0.352488,0.2553
1610000,2,-1.97187,-5671.58,2.12976,0.367083,0.2642
1620000,0,-0.477054,-5684.29,0.477054,0.346871,0.232743
1630000,1,-0.0356088,-5676.27,0.441825,0.343444,0.24985
1640000,1,-0.773552,-5681.81,0.258827,0.360346,0.24045
1650000,1,-1.98417,-5681.77,1.16652,0.348647,0.2256
1660000,0,-0.854793,-5684.63,0.854793,0.346014,0.24675
1670000,1,-0.82027,-5678.45,1.26938,0.337829,0.2136
1680000,0,-0.277732,-5684.82,0.277732,0.35831,0.2239
1690000,3,-0.758968,-5671.39,0.761081,0.35573,0.2136
1700000,1,-1.2799,-5684.05,0.840371,0.332593,0.2166
1710000,3,-1.1652,-5662.3,1.90416,0.358049,0.234867
1720000,3,-1.52301,-5675.37,2.02064,0.352973,0.2757
1730000,0,-0.384625,-5684.41,0.384625,0.345393,0.2306
1740000,4,-3.46853,-5661.16,2.49651,0.347581,0.26105
1750000,0,-0.0296475,-5687.78,0.0296475,0.368819,0.2249
1760000,0,-1.30143,-5684.56,1.30143,0.351008,0.2553
1770000,0,-0.108405,-5685.19,0.108405,0.351568,0.2192
1780000,3,-2.2207,-5674.43,1.12239,0.351142,0.2242
1790000,2,-3.51867,-5676.87,2.75455,0.375688,0.2655
1800000,1,-0.163914,-5678.62,0.519532,0.363694,0.2253
1810000,0,-0.844287,-5684.54,0.844287,0.351954,0.21565
1820000,0,-0.602418,-5684.41,0.602418,0.351929,0.20575
1830000,0,-0.199565,-5686.42,0.199565,0.345481,0.2238
1840000,2,-2.1626,-5669.73,1.22076,0.35135,0.2332
1850000,2,-1.54827,-5667.29,1.28173,0.363803,0.238025
1860000,2,-4.31563,-5666.06,2.97016,0.345459,0.2734
1870000,1,0.295579,-5676.79,0.0951555,0.347576,0.2566
1880000,2,-1.17133,-5674.38,1.65293,0.344381,0.258725
1890000,2,-0.591328,-5670.23,1.50681,0.353806,0.25035
1900000,0,-0.939699,-5685.45,0.939699,0.362128,0.2327
1910000,0,-0.612386,-5685.13,0.612386,0.350341,0.2571
1920000,0,-0.424207,-5684.85,0.424207,0.343806,0.2307
1930000,3,-2.12019,-5666.7,1.58251,0.348477,0.2531
1940000,2,0.463879,-5669.76,0.371785,0.361472,0.2825
1950000,1,-0.782533,-5676.95,1.34202,0.353434,0.2298
1960000,1,0.345506,-5679.46,0.181631,0.365287,0.2697
1970000,0,-0.0991098,-5685.36,0.0991098,0.341525,0.2166
1980000,0,-0.305453,-5685.34,0.305453,0.356189,0.227925
1990000,0,-0.0723113,-5685.36,0.0723113,0.358277,0.2048
2000000,1,0.163089,-5679.59,0.241376,0.344764,0.2118
2010000,0,-0.397656,-5684.9,0.397656,0.343605,0.2388
2020000,0,-1.99318,-5684.32,1.99318,0.346836,0.2077
2030000,0,-0.0225592,-5685.48,0.0225592,0.354536,0.215425
2040000,0,-0.229678,-5685.22,0.229678,0.36313,0.21585
2050000,0,-1.08706,-5685.49,1.08706,0.35345,0.22035
2060000,0,-1.12475,-5684.47,1.12475,0.352177,0.213
2070000,1,-0.786184,-5677.41,1.18831,0.348647,0.217233
2080000,1,-0.474944,-5676.77,0.857138,0.365171,0.23685
2090000,0,-0.0624374,-5684.29,0.0624374,0.349478,0.2577
2100000,1,-2.08882,-5681.17,1.39363,0.35291,0.2081
2110000,0,-0.442135,-5684.82,0.442135,0.344235,0.2123
2120000,3,-0.623025,-5663.69,1.13739,0.356792,0.2396
2130000,0,-0.576297,-5684.25,0.576297,0.351574,0.23124
2140000,0,-0.0306107,-5686.13,0.0306107,0.336619,0.21525
2150000,0,-1.55108,-5685.25,1.55108,0.36432,0.2229
2160000,1,-2.24764,-5677.12,2.77078,0.354049,0.2506
2170000,0,-0.0489932,-5684.94,0.0489932,0.34129,0.225333
2180000,0,-0.0149272,-5684.42,0.0149272,0.354769,0.252
2190000,1,0.438437,-5678.61,0.0253801,0.33389,0.2573
2200000,1,-1.42293,-5676.25,1.86517,0.363622,0.23595
2210000,0,-0.367322,-5687.89,0.367322,0.370157,0.23265
2220000,1,-1.40104,-5676.02,1.82411,0.345573,0.2424
2230000,0,-0.324994,-5684.47,0.324994,0.352395,0.2424
2240000,1,-2.58262,-5686.77,2.76057,0.355547,0.2122
2250000,0,-0.850609,-5685.99,0.850609,0.339487,0.2089
2260000,0,-2.00866,-5684.81,2.00866,0.361717,0.228517
2270000,0,-1.12087,-5685.45,1.12087,0.354712,0.2199
2280000,4,-2.18856,-5663.94,3.1212,0.356634,0.24365
2290000,2,-3.6658,-5668.2,2.86926,0.34607,0.256
2300000,0,-1.14971,-5684.92,1.14971,0.36237,0.2383
2310000,0,-0.557594,-5684.94,0.557594,0.349807,0.1984
2320000,0,-0.112038,-5686.14,0.112038,0.341638,0.2012
2330000,2,-4.03349,-5668.77,4.06114,0.352259,0.218167
2340000,2,-0.847083,-5669.69,0.56858,0.344111,0.2708
2350000,0,-0.966159,-5686.52,0.966159,0.358289,0.218033
2360000,0,-0.611306,-5685.55,0.611306,0.364685,0.2251
2370000,1,-0.686222,-5675.85,1.0869,0.357976,0.2309
2380000,1,-0.282999,-5676.67,0.657645,0.363975,0.249875
2390000,0,-0.0017104,-5684.67,0.0017104,0.348811,0.237
2400000,1,-1.24428,-5676.88,1.61804,0.354288,0.2647
2410000,2,-0.881679,-5671.19,1.26062,0.367635,0.2502
2420000,1,-1.8767,-5680.25,2.27524,0.350892,0.2584
2430000,0,-0.0284044,-5685.29,0.0284044,0.34486,0.232825
2440000,1,-1.27832,-5688.65,1.22685,0.371439,0.2219
2450000,1,-1.41469,-5683.04,1.72712,0.324979,0.24
2460000,1,-0.305296,-5677.58,0.703171,0.34647,0.2306
2470000,1,-1.6009,-5677.74,1.99916,0.337278,0.23194
2480000,0,-0.406407,-5685.06,0.406407,0.348088,0.21895
2490000,2,-0.0332168,-5675.4,0.851309,0.345976,0.2244
2500000,0,-0.00371447,-5685.24,0.00371447,0.349669,0.21045
2510000,0,-0.523058,-5684.54,0.523058,0.344981,0.2139
2520000,1,0.0431944,-5681.18,0.448829,0.384033,0.238433
2530000,0,-0.615424,-5685.44,0.615424,0.351672,0.2188
2540000,0,-0.326269,-5685.17,0.326269,0.347448,0.2014
2550000,0,-0.0972577,-5684.21,0.0972577,0.35155,0.2057
2560000,1,-0.723863,-5676.07,1.19728,0.353078,0.2083
2570000,0,-3.08904,-5685.62,3.08904,0.348745,0.222883
2580000,0,-0.680559,-5685.09,0.680559,0.34129,0.2194
2590000,0,-0.479427,-5684.16,0.479427,0.348175,0.2103
2600000,1,-0.996776,-5682.15,0.926719,0.351889,0.2047
2610000,0,-0.554129,-5686.55,0.554129,0.360858,0.2313
2620000,0,-1.04628,-5684.24,1.04628,0.34765,0.22414
2630000,1,-0.522706,-5677.29,0.99756,0.344194,0.21725
2640000,1,-2.35765,-5678.21,2.77486,0.355945,0.22095
2650000,0,-0.314952,-5685.12,0.314952,0.3461,0.2382
2660000,3,-2.39506,-5661.35,1.33971,0.352708,0.2661
2670000,2,-2.78154,-5668.17,2.34438,0.344614,0.2795
2680000,4,-0.668131,-5665.36,1.67215,0.353872,0.2753
2690000,3,-4.56621,-5662.79,3.01215,0.356354,0.2368
2700000,3,-3.1329,-5663.29,2.00153,0.347461,0.2674
2710000,5,-7.13334,-5658.99,5.31602,0.366289,0.2705
2720000,2,-0.681509,-5667.26,0.6932,0.346845,0.2735
2730000,0,-0.890311,-5685.34,0.890311,0.355645,0.2152
2740000,0,-0.234569,-5686.63,0.234569,0.366547,0.223289
2750000,3,-2.9702,-5683.19,1.6567,0.349964,0.2126
2760000,1,-4.63832,-5686.63,3.38456,0.35601,0.2281
2770000,0,-0.569321,-5685.02,0.569321,0.363346,0.2376
2780000,0,-0.166902,-5685.74,0.166902,0.343735,0.22448
2790000,0,-0.0385447,-5684.4,0.0385447,0.355469,0.21095
2800000,1,-2.1617,-5683.62,1.65864,0.358803,0.20975
2810000,0,-0.17356,-5686.26,0.17356,0.369973,0.2073
2820000,1,-0.0318196,-5675.27,0.43246,0.341414,0.2291
2830000,0,-0.0243395,-5688.83,0.0243395,0.348281,0.2137
2840000,0,-0.0838528,-5684.47,0.0838528,0.347767,0.1987
2850000,0,-0.468619,-5684.34,0.468619,0.353312,0.2111
2860000,1,-0.57221,-5681.99,1.12292,0.367499,0.2189
2870000,0,-0.0901303,-5686.37,0.0901303,0.339064,0.211
2880000,0,-0.0874104,-5686.4,0.0874104,0.360042,0.204
2890000,1,-0.137488,-5678.02,0.652649,0.347034,0.220333
2900000,1,-1.32616,-5682.95,0.948111,0.33681,0.2504
2910000,5,-5.55311,-5655.01,3.29211,0.34803,0.254333
2920000,2,-1.22158,-5674.57,1.95696,0.350157,0.2499
2930000,0,-0.748851,-5685.78,0.748851,0.361744,0.218433
2940000,1,-0.545218,-5678.85,1.10152,0.34327,0.22635
2950000,1,-0.815556,-5675.45,1.24569,0.339726,0.2525
2960000,0,-0.655436,-5686.33,0.655436,0.334713,0.22995
2970000,0,-0.247283,-5687.23,0.247283,0.350897,0.2181
2980000,0,-0.120044,-5685.37,0.120044,0.338489,0.2195
2990000,0,-0.205119,-5688.44,0.205119,0.363094,0.2173
3000000,1,-0.0717272,-5676.38,0.504383,0.351443,0.22354
3010000,4,-3.76971,-5663.57,5.19267,0.353137,0.2726
3020000,1,-0.975113,-5680.42,0.847856,0.344713,0.214933
3030000,2,-2.97373,-5666.5,0.536529,0.350421,0.26885
3040000,2,-2.81161,-5670.65,1.19562,0.332556,0.2397
3050000,2,-4.0389,-5668.58,0.684347,0.344625,0.2696
3060000,2,-2.04415,-5666.52,0.811198,0.341646,0.2738
3070000,1,-0.135415,-5678.27,0.650222,0.353029,0.226875
3080000,0,-0.0434765,-5686.19,0.0434765,0.361491,0.24085
3090000,0,-0.432176,-5684.87,0.432176,0.341274,0.2156
3100000,2,-0.0468765,-5676.83,0.703329,0.351998,0.236233
3110000,0,-1.7045,-5684.31,1.7045,0.345782,0.2487
3120000,1,-0.752926,-5680.16,0.394734,0.354196,0.233167
3130000,0,-0.14587,-5690.48,0.14587,0.371856,0.2143
3140000,2,-2.81375,-5678.77,2.87183,0.364466,0.213967
3150000,0,-0.045096,-5686.14,0.045096,0.339837,0.23655
3160000,1,-2.95683,-5684.85,2.5603,0.342726,0.23275
3170000,0,-0.370099,-5689.51,0.370099,0.372606,0.21355
3180000,0,-0.00294452,-5684.26,0.00294452,0.346635,0.2273
3190000,2,-2.36417,-5673.51,1.61228,0.344704,0.2231
3200000,0,-0.482316,-5685.17,0.482316,0.355385,0.21905
3210000,2,-0.679975,-5672.4,1.59387,0.356175,0.2493
3220000,0,-0.218427,-5687.1,0.218427,0.347347,0.2576
3230000,0,-0.871627,-5687.43,0.871627,0.369039,0.2229
3240000,0,-1.60352,-5684.4,1.60352,0.346489,0.22034
3250000,2,0.497843,-5669.83,0.46419,0.352541,0.2544
3260000,0,-0.0275536,-5685.51,0.0275536,0.343882,0.220733
3270000,0,-0.316264,-5685.76,0.316264,0.367136,0.25095
3280000,0,-0.832074,-5687.86,0.832074,0.334363,0.20965
3290000,0,-0.552153,-5686.22,0.552153,0.348925,0.2112
3300000,0,-0.160013,-5684.34,0.160013,0.349706,0.2156
3310000,0,-0.285604,-5685.67,0.285604,0.359997,0.214025
3320000,0,-0.822898,-5687.4,0.822898,0.359891,0.2096
3330000,0,-0.0252347,-5687.07,0.0252347,0.330403,0.2238
3340000,2,-3.13339,-5667.68,4.05585,0.356071,0.236467
3350000,1,-0.620284,-5678.35,0.96562,0.357779,0.2286
3360000,1,-0.884977,-5685.79,0.706483,0.330102,0.23215
3370000,0,-1.66242,-5684.85,1.66242,0.356505,0.2123
3380000,0,-0.0482532,-5686.16,0.0482532,0.369549,0.2085
3390000,2,-2.38013,-5674.08,2.65347,0.349397,0.220225
3400000,2,-4.898,-5669.27,2.61765,0.356062,0.24665
3410000,5,-3.61399,-5659.25,2.03632,0.346144,0.2737
3420000,3,-3.6831,-5669.01,2.78675,0.365871,0.2763
3430000,1,0.368502,-5678.96,0.046245,0.344273,0.2784
3440000,0,-0.571744,-5684.97,0.571744,0.358362,0.2232
3450000,1,-0.707132,-5685.05,0.804706,0.360937,0.2174
3460000,0,-1.29301,-5684.84,1.29301,0.341097,0.217467
3470000,1,-0.304508,-5677.44,0.665657,0.351688,0.2292
3480000,3,-1.26888,-5665.24,1.07249,0.341557,0.2307
3490000,2,-1.14429,-5671.53,1.07642,0.360392,0.249475
3500000,1,-0.681267,-5681.84,1.1234,0.349135,0.2626
3510000,0,-0.535671,-5685.05,0.535671,0.340173,0.238533
3520000,0,-0.233824,-5684.81,0.233824,0.360673,0.2109
3530000,0,-0.923812,-5684.48,0.923812,0.358033,0.2104
3540000,0,-0.386753,-5685.52,0.386753,0.343436,0.21005
3550000,3,-3.89069,-5672.57,1.87447,0.344159,0.21855
3560000,1,-2.18713,-5676.34,2.61776,0.349915,0.2135
3570000,2,-0.533638,-5675.48,1.00977,0.357279,0.2248
3580000,2,-1.14475,-5671.23,1.92458,0.351487,0.264
3590000,1,-0.227869,-5680.1,0.688511,0.355514,0.2161
3600000,0,-0.03619,-5686.16,0.03619,0.355233,0.26065
3610000,1,0.013123,-5678.6,0.281277,0.359043,0.2377
3620000,0,-0.00276554,-5684.63,0.00276554,0.354326,0.246
3630000,0,-0.545207,-5685.98,0.545207,0.339907,0.2492
3640000,0,-0.131155,-5687.2,0.131155,0.371163,0.2186
3650000,0,-2.60378,-5688.56,2.60378,0.369074,0.22835
3660000,1,-1.54084,-5686.14,1.11243,0.346115,0.20705
3670000,2,0.107755,-5673.02,0.825707,0.354685,0.2331
3680000,0,-1.35034,-5686.2,1.35034,0.357282,0.217633
3690000,0,-0.859057,-5685.78,0.859057,0.335241,0.2383
3700000,0,-0.246536,-5686.04,0.246536,0.338344,0.1919
3710000,0,-0.732135,-5684.15,0.732135,0.352649,0.217467
3720000,0,-0.27482,-5686,0.27482,0.334489,0.2094
3730000,0,-0.149526,-5684.29,0.149526,0.347913,0.2157
3740000,2,-0.914214,-5670.36,1.08567,0.357159,0.2213
3750000,1,-1.69548,-5681.15,1.34247,0.367264,0.2398
3760000,0,-0.899707,-5685.2,0.899707,0.360178,0.2243
3770000,0,-0.628564,-5687.84,0.628564,0.335282,0.2055
3780000,1,-0.800398,-5678.67,1.13652,0.348804,0.2365
3790000,1,0.24058,-5679.93,0.304214,0.346221,0.2183
3800000,0,-0.796245,-5685.02,0.796245,0.339702,0.2182
3810000,1,-2.02898,-5684.53,1.17063,0.347368,0.2214
3820000,0,-0.0703787,-5685.95,0.0703787,0.342969,0.2202
3830000,1,-1.1806,-5679.11,0.728945,0.355799,0.2184
3840000,2,-3.01098,-5672.37,3.82086,0.367019,0.226
3850000,0,-0.0132799,-5690.23,0.0132799,0.347033,0.2187
3860000,2,-2.68373,-5671.36,3.59105,0.354302,0.2227
3870000,3,-2.09238,-5658.85,1.31355,0.349883,0.2846
3880000,3,-3.74233,-5672.09,2.14066,0.358458,0.289
3890000,2,-1.61819,-5669.29,2.6011,0.360974,0.2492
3900000,2,-0.547669,-5668.56,1.50178,0.356724,0.2867
3910000,2,-1.3629,-5674.16,1.81886,0.361107,0.263
3920000,0,-0.958582,-5684.96,0.958582,0.340335,0.22708
3930000,0,-1.0215,-5684.48,1.0215,0.346332,0.2112
3940000,2,-2.71674,-5673.44,2.18329,0.355532,0.2426
3950000,1,-1.5069,-5677.06,1.89365,0.352331,0.243
3960000,4,-1.45933,-5662.99,1.87919,0.367393,0.2629
3970000,1,-0.805882,-5678.11,1.27403,0.363563,0.2833
3980000,3,-4.44862,-5661.7,1.92486,0.35061,0.22505
3990000,3,-3.16952,-5663.33,2.35638,0.345772,0.2524
4000000,1,0.144455,-5682.14,0.217825,0.347557,0.25525
4010000,1,-1.62919,-5678.39,2.11369,0.355109,0.2269
4020000,0,-0.128878,-5687.72,0.128878,0.339899,0.2218
4030000,3,-0.796492,-5660.18,0.811608,0.339494,0.26955
4040000,0,-0.0212084,-5687.33,0.0212084,0.339315,0.241
4050000,3,-3.70321,-5661.95,3.22472,0.358077,0.2656
4060000,2,-2.9898,-5673.14,0.518226,0.337581,0.25105
4070000,1,-1.90858,-5676.76,2.33253,0.348446,0.2632
4080000,0,-0.00150354,-5685.86,0.00150354,0.34633,0.2194
4090000,1,-0.702822,-5683.8,0.329508,0.339282,0.2262
4100000,2,-1.76835,-5679.73,0.698692,0.361109,0.23536
4110000,0,-0.537795,-5686.08,0.537795,0.369639,0.22125
4120000,0,-0.870109,-5684.88,0.870109,0.344299,0.2297
4130000,3,-1.13833,-5667.65,0.849924,0.34597,0.220133
4140000,1,-1.86455,-5680.55,2.30533,0.361583,0.22915
4150000,1,0.12048,-5676.75,0.280554,0.344906,0.23425
4160000,0,-0.504193,-5685.34,0.504193,0.358976,0.2279
4170000,0,-0.567448,-5686.12,0.567448,0.336474,0.25595
4180000,0,-0.908775,-5684.96,0.908775,0.358808,0.1965
4190000,2,-3.36447,-5666.7,2.6387,0.358073,0.228067
4200000,2,-2.57765,-5678.51,1.4563,0.352396,0.2447
4210000,0,-0.102229,-5684.4,0.102229,0.3472,0.1977
4220000,4,-1.91346,-5657.38,2.08213,0.332134,0.2269
4230000,2,-0.611858,-5669.97,1.51432,0.369347,0.2912
4240000,3,-0.265322,-5665.05,1.60878,0.365348,0.2792
4250000,0,-0.466348,-5686.11,0.466348,0.34469,0.2371
4260000,0,-1.29055,-5685.83,1.29055,0.358443,0.2105
4270000,0,-1.18665,-5684.65,1.18665,0.347098,0.2037
4280000,0,-0.752215,-5686.16,0.752215,0.359653,0.219557
4290000,0,-0.0483061,-5685.77,0.0483061,0.361707,0.2319
4300000,2,-1.65465,-5673.37,2.59805,0.370914,0.2555
4310000,0,-0.678628,-5684.48,0.678628,0.3476,0.2502
4320000,2,-2.09957,-5670.57,3.01582,0.358643,0.2175
4330000,2,-0.00459632,-5671.97,1.01769,0.336041,0.2927
4340000,1,-0.0388156,-5675.54,0.470647,0.361603,0.2384
4350000,2,-1.81784,-5670.96,1.50017,0.355015,0.2546
4360000,0,-0.501445,-5685.06,0.501445,0.344734,0.2225
4370000,0,-0.116084,-5684.4,0.116084,0.352413,0.205
4380000,0,-0.0492168,-5684.42,0.0492168,0.356288,0.2053
4390000,1,-0.609685,-5677.01,0.995094,0.365799,0.21934
4400000,2,-0.208495,-5669.61,1.09085,0.353319,0.24295
4410000,1,0.327263,-5678.67,0.13979,0.363037,0.24645
4420000,0,-0.40389,-5684.94,0.40389,0.349727,0.24
4430000,0,-0.890322,-5685.75,0.890322,0.360956,0.2356
4440000,1,-1.95036,-5687.27,1.95114,0.345317,0.2197
4450000,0,-0.107816,-5685.03,0.107816,0.344242,0.225367
4460000,0,-0.507475,-5686,0.507475,0.35153,0.21575
4470000,2,0.102158,-5670.2,0.910785,0.339571,0.2278
4480000,1,-1.40494,-5679.83,0.808773,0.345164,0.2522
4490000,1,-1.06046,-5679.67,1.51652,0.360653,0.2102
4500000,0,-1.12741,-5684.49,1.12741,0.348785,0.2065
4510000,0,-0.218236,-5685.85,0.218236,0.356678,0.2134
4520000,1,-1.09535,-5684.03,0.690572,0.355072,0.2117
4530000,1,-0.912543,-5675.65,1.39304,0.355685,0.2241
4540000,2,-0.54902,-5671.68,1.26913,0.364549,0.215167
4550000,1,-2.70855,-5684.08,1.77773,0.35086,0.2244
4560000,0,-1.02458,-5684.98,1.02458,0.3475,0.222167
4570000,0,-0.524793,-5684.7,0.524793,0.359371,0.2351
4580000,0,-0.252822,-5687.29,0.252822,0.330906,0.2103
4590000,2,-1.55773,-5679.6,1.56857,0.363819,0.2325
4600000,0,-0.481108,-5685.67,0.481108,0.356603,0.2156
4610000,0,-0.105167,-5685.28,0.105167,0.35937,0.2275
4620000,1,0.156384,-5683.96,0.354627,0.359282,0.2188
4630000,0,-0.473447,-5686.21,0.473447,0.367401,0.23335
4640000,0,-0.0857292,-5685.83,0.0857292,0.3531,0.2185
4650000,0,-0.103762,-5686.07,0.103762,0.357796,0.220367
4660000,0,-0.195381,-5685.93,0.195381,0.337288,0.23395
4670000,1,-0.0487186,-5681.63,0.58374,0.373162,0.2096
4680000,0,-0.301234,-5684.54,0.301234,0.350055,0.2375
4690000,0,-2.36171,-5685.12,2.36171,0.362624,0.2129
4700000,0,-1.27688,-5684.53,1.27688,0.356611,0.22518
4710000,0,-0.867979,-5684.38,0.867979,0.355587,0.20865
4720000,2,-2.91817,-5677.15,3.64457,0.335536,0.2055
4730000,0,-0.864096,-5686.09,0.864096,0.33286,0.218567
4740000,0,-0.276462,-5684.83,0.276462,0.347863,0.2091
4750000,0,-0.112469,-5686.49,0.112469,0.337253,0.219067
4760000,0,-0.480601,-5685.31,0.480601,0.34896,0.2058
4770000,3,-2.48812,-5675.15,2.52825,0.344366,0.2177
4780000,1,0.0621592,-5679.26,0.385963,0.357201,0.214275
4790000,0,-0.593185,-5685.2,0.593185,0.363338,0.2418
4800000,1,-1.11864,-5683.52,0.711564,0.345347,0.2383
4810000,0,-0.892573,-5686.5,0.892573,0.367253,0.2295
4820000,0,-0.142973,-5685.31,0.142973,0.350178,0.2178
4830000,0,-1.18109,-5687.75,1.18109,0.329255,0.2159
4840000,4,-4.65589,-5666.69,2.27155,0.364082,0.2811
4850000,2,-3.36805,-5666.93,2.51199,0.352853,0.2717
4860000,3,-2.70525,-5674.01,2.73415,0.348219,0.217733
4870000,1,-1.90501,-5675.58,2.28855,0.35335,0.2525
4880000,1,-0.953055,-5678.52,1.28845,0.367706,0.276533
4890000,0,-0.892953,-5684.29,0.892953,0.3558,0.2522
4900000,3,-1.33267,-5664.59,1.5433,0.344904,0.28065
4910000,0,-0.549848,-5686.03,0.549848,0.341994,0.226
4920000,0,-0.477658,-5685.21,0.477658,0.342053,0.23955
4930000,1,-0.375062,-5683.07,0.901393,0.350916,0.21465
4940000,1,-1.22907,-5680.82,0.775712,0.351905,0.2381
4950000,0,-0.859876,-5685.23,0.859876,0.363746,0.2452
4960000,0,-0.641333,-5689.5,0.641333,0.340658,0.2145
4970000,2,-2.11011,-5670.68,2.99022,0.349242,0.23822
4980000,1,-0.384142,-5681.01,0.92822,0.367585,0.2179
4990000,1,0.181333,-5676.45,0.253314,0.363779,0.2193
5000000,0,-0.0289764,-5685.88,0.0289764,0.36589,0.222
5010000,0,-0.105343,-5686.04,0.105343,0.342694,0.219575
5020000,2,-2.19862,-5667.82,1.42439,0.35524,0.2329
5030000,2,-5.69671,-5668.18,5.19029,0.344379,0.2733
5040000,1,0.07455,-5676.75,0.383687,0.343862,0.23185
5050000,1,0.196212,-5679.17,0.299323,0.344189,0.2347
5060000,0,-0.11851,-5684.6,0.11851,0.345091,0.2139
5070000,0,-0.187978,-5684.58,0.187978,0.351301,0.214
5080000,2,-0.99735,-5671.54,1.0057,0.344243,0.2236
5090000,0,-0.396448,-5684.59,0.396448,0.359115,0.22104
5100000,0,-0.0871376,-5685.5,0.0871376,0.352369,0.2022
5110000,0,-0.964931,-5687.41,0.964931,0.330478,0.2037
5120000,0,-0.166012,-5684.7,0.166012,0.349449,0.2158
5130000,2,-0.104048,-5670.36,0.914472,0.338359,0.2333
5140000,0,-0.62409,-5684.84,0.62409,0.340889,0.2371
5150000,0,-0.370781,-5684.57,0.370781,0.350117,0.21
5160000,0,-0.289852,-5684.3,0.289852,0.355771,0.2071
5170000,0,-0.0254633,-5684.92,0.0254633,0.339634,0.2226
5180000,2,-1.01558,-5670.24,1.86709,0.364415,0.2268
5190000,1,0.0126019,-5675.1,0.389051,0.350063,0.2589
5200000,0,-0.336209,-5687.33,0.336209,0.368579,0.21655
5210000,1,-1.71129,-5680.67,0.675081,0.348826,0.2201
5220000,1,-1.4213,-5679.45,1.23127,0.34298,0.2219
5230000,1,-0.695739,-5680.47,1.08205,0.354379,0.24455
5240000,1,-0.121919,-5684.78,0.414952,0.349334,0.23075
5250000,0,-0.220763,-5684.35,0.220763,0.345605,0.2145
5260000,0,-0.344412,-5684.52,0.344412,0.344501,0.221333
5270000,0,-0.330325,-5684.75,0.330325,0.354489,0.2176
5280000,0,-0.191356,-5686.33,0.191356,0.357941,0.2255
5290000,0,-0.69975,-5685.19,0.69975,0.345445,0.239275
5300000,0,-0.31125,-5686.27,0.31125,0.367148,0.2063
5310000,0,-0.0225502,-5689.1,0.0225502,0.355162,0.229
5320000,0,-0.707529,-5684.35,0.707529,0.350832,0.2226
5330000,0,-0.012864,-5684.33,0.012864,0.350097,0.2301
5340000,2,-2.80944,-5670.95,3.75351,0.357532,0.2251
5350000,2,-2.08001,-5672.76,2.94777,0.357239,0.234
5360000,0,-1.37947,-5686.49,1.37947,0.341997,0.2481
5370000,2,-0.68597,-5679.48,1.52507,0.353554,0.22006
5380000,2,-1.07692,-5669.84,1.97873,0.339869,0.2556
5390000,2,-3.22501,-5673.74,2.20355,0.350098,0.2394
5400000,0,-0.7262,-5684.35,0.7262,0.344925,0.225925
5410000,2,-1.29376,-5667.42,1.34271,0.358065,0.223
5420000,2,-1.31391,-5668.38,0.892745,0.356557,0.2361
5430000,2,-2.88667,-5680.68,0.473901,0.334683,0.23155
5440000,0,-0.357242,-5684.97,0.357242,0.361539,0.2204
5450000,0,-0.470163,-5684.54,0.470163,0.347519,0.2079
5460000,1,0.275339,-5678.31,0.290578,0.337045,0.2655
5470000,0,-0.719429,-5684.89,0.719429,0.349214,0.2394
5480000,0,-0.0917435,-5684.55,0.0917435,0.350324,0.2115
5490000,0,-0.218752,-5684.23,0.218752,0.353522,0.223975
5500000,0,-1.09576,-5685.25,1.09576,0.35766,0.22505
5510000,2,-1.32004,-5670.95,2.18874,0.366473,0.2412
5520000,1,-1.41866,-5677.54,1.82255,0.367177,0.247033
5530000,3,0.264451,-5664.26,0.508767,0.349201,0.2529
5540000,3,-2.30723,-5669.04,2.6789,0.351748,0.2522
5550000,0,-0.185618,-5684.58,0.185618,0.359907,0.228325
5560000,0,-0.195879,-5684.48,0.195879,0.351245,0.2096
5570000,1,-0.335122,-5677.1,0.798531,0.365663,0.235
5580000,3,-1.59447,-5670.15,1.37781,0.349567,0.2739
5590000,0,-1.6996,-5688.97,1.6996,0.369206,0.228433
5600000,2,-3.0851,-5670.31,1.3755,0.358964,0.24055
5610000,4,-1.85793,-5663.46,1.76107,0.356233,0.24635
5620000,4,-3.24359,-5665.59,2.2622,0.363879,0.28155
5630000,0,-0.356685,-5685.58,0.356685,0.36497,0.23995
5640000,1,-0.417067,-5678.99,0.828082,0.348924,0.2239
5650000,1,-0.0996367,-5676.13,0.553871,0.358748,0.2403
5660000,0,-0.131519,-5685.58,0.131519,0.353243,0.2174
5670000,2,-0.555839,-5677.98,1.12386,0.353715,0.22485
5680000,0,-1.82315,-5684.68,1.82315,0.342648,0.2052
5690000,1,0.171007,-5678.31,0.172669,0.360616,0.24
5700000,0,-0.070432,-5685.95,0.070432,0.36258,0.2305
5710000,1,-2.73813,-5684.94,2.02911,0.346157,0.2447
5720000,1,-0.0226946,-5676.5,0.433742,0.341274,0.2358
5730000,1,-0.324917,-5675.14,0.793917,0.346025,0.2375
5740000,0,-0.552085,-5685.41,0.552085,0.340259,0.23325
5750000,2,0.68115,-5670.21,0.266685,0.339261,0.22645
5760000,0,-0.867802,-5685.28,0.867802,0.364749,0.2389
5770000,2,-1.50244,-5672.81,2.58819,0.354715,0.2371
5780000,2,-0.584912,-5677.82,1.2512,0.356703,0.2618
5790000,3,-2.56685,-5662.98,2.06284,0.343756,0.2561
5800000,3,-0.953987,-5663.85,1.77298,0.35371,0.2836
5810000,3,-1.50397,-5669.13,1.83288,0.354031,0.2869
5820000,2,-0.535843,-5673.73,0.624525,0.365965,0.24185
5830000,0,-1.21639,-5684.47,1.21639,0.345686,0.2151
5840000,0,-0.754807,-5684.73,0.754807,0.348028,0.2306
5850000,1,-1.13568,-5677.82,1.63494,0.363447,0.2041
5860000,0,-0.289917,-5685.85,0.289917,0.366586,0.2122
5870000,3,-2.33261,-5666.9,1.60672,0.348576,0.2377
5880000,3,-6.13865,-5671.94,3.42858,0.362175,0.2704
5890000,2,-0.384581,-5672.07,0.607474,0.354412,0.2241
5900000,3,-6.65358,-5663.85,3.89096,0.33736,0.2772
5910000,2,-4.05767,-5676.71,3.05693,0.344692,0.230167
5920000,0,-0.121518,-5685.74,0.121518,0.339845,0.2593
5930000,0,-0.815831,-5684.54,0.815831,0.347249,0.2133
5940000,0,-0.138384,-5684.26,0.138384,0.350223,0.2055
5950000,0,-2.61863,-5685.39,2.61863,0.363488,0.2125
5960000,0,-0.0332199,-5685.94,0.0332199,0.359056,0.2194
5970000,1,-1.27123,-5675.06,1.68195,0.348506,0.226033
5980000,1,-0.364774,-5675.59,0.754671,0.351631,0.2688
5990000,1,-1.49038,-5677.98,1.95003,0.350687,0.2256
6000000,3,-3.03816,-5669.1,2.52132,0.362878,0.2589
6010000,2,-0.749616,-5676.22,1.76819,0.33963,0.22352
6020000,1,-0.67899,-5676.93,1.08144,0.360277,0.2652
6030000,1,-1.07785,-5674.88,1.54084,0.357818,0.238367
6040000,2,-1.4832,-5677.64,1.79206,0.367531,0.2611
6050000,0,-1.4658,-5685.18,1.4658,0.363914,0.2199
6060000,0,-0.79443,-5685.92,0.79443,0.364903,0.2145
6070000,0,-0.158205,-5685.05,0.158205,0.363742,0.241433
6080000,0,-0.442449,-5685.13,0.442449,0.341834,0.2507
6090000,0,-0.0805638,-5684.66,0.0805638,0.360635,0.2086
6100000,1,-2.28839,-5682.03,2.31179,0.346415,0.2273
6110000,1,-0.227782,-5676.23,0.674963,0.339452,0.23838
6120000,0,-0.323064,-5685.11,0.323064,0.357107,0.22365
6130000,0,-1.42208,-5686.95,1.42208,0.337793,0.2174
6140000,0,-0.0939142,-5684.9,0.0939142,0.351201,0.2293
6150000,1,0.0424313,-5686.44,0.0483989,0.332488,0.217633
6160000,1,-0.657019,-5676.83,1.12849,0.349362,0.2387
6170000,1,-1.94429,-5676.62,2.34539,0.350168,0.245367
6180000,1,-0.636661,-5676.44,1.03413,0.348326,0.2508
6190000,1,-1.93415,-5674.71,2.39508,0.351844,0.2104
6200000,0,-0.191176,-5684.81,0.191176,0.350058,0.2254
6210000,1,-2.47352,-5682.86,2.11205,0.342998,0.22746
6220000,1,-1.49321,-5680.05,0.917989,0.358527,0.2069
6230000,0,-0.820298,-5686.8,0.820298,0.345269,0.2271
6240000,1,-1.1565,-5682.07,0.855945,0.353289,0.227125
6250000,0,-0.493169,-5686.83,0.493169,0.347162,0.2203
6260000,0,-0.105187,-5686.6,0.105187,0.341713,0.2221
6270000,0,-0.0842137,-5685.66,0.0842137,0.366898,0.2138
6280000,2,-1.04583,-5669.38,1.9829,0.363787,0.229
6290000,4,-1.37786,-5661.74,1.69443,0.34979,0.2329
6300000,0,-1.98962,-5685.39,1.98962,0.354824,0.23
6310000,1,-0.224129,-5679.05,0.591422,0.348985,0.2545
6320000,3,-4.47194,-5666.73,2.16978,0.320835,0.2685
6330000,5,-2.24062,-5664.5,1.89891,0.362012,0.24134
6340000,2,-2.38381,-5665.58,0.893999,0.346327,0.27355
6350000,1,-0.0458928,-5676.75,0.53691,0.349075,0.2394
6360000,0,-0.967028,-5686.24,0.967028,0.356574,0.2384
6370000,2,-0.678585,-5679.63,1.38199,0.359292,0.235
6380000,2,-2.3331,-5667.51,1.80228,0.338123,0.2767
6390000,5,-5.69883,-5661.32,4.2288,0.35067,0.2738
6400000,3,-0.763172,-5665.12,1.52256,0.34474,0.236829
6410000,3,-2.01947,-5666.66,0.860927,0.356279,0.2732
6420000,1,0.02191,-5682.4,0.360777,0.331375,0.2581
6430000,0,-0.611187,-5684.49,0.611187,0.353164,0.2295
6440000,2,-2.18017,-5676.17,1.79236,0.346725,0.2336
6450000,2,-1.39537,-5680.45,1.6768,0.331317,0.232783
6460000,1,0.174179,-5677.2,0.223194,0.354195,0.2609
6470000,0,-0.582779,-5686.03,0.582779,0.341275,0.2507
6480000,1,-1.18819,-5680.2,0.630828,0.362557,0.2372
6490000,0,-0.153329,-5684.96,0.153329,0.348846,0.22842
6500000,0,-0.482512,-5685.29,0.482512,0.340681,0.2227
6510000,2,-1.66373,-5671.86,1.55705,0.337938,0.230667
6520000,2,-2.7632,-5675.03,2.33991,0.340964,0.2591
6530000,0,-0.867491,-5687.83,0.867491,0.332051,0.2118
6540000,2,-1.3282,-5677.23,2.25309,0.357153,0.2208
6550000,1,-1.03967,-5682.84,0.529317,0.350698,0.209125
6560000,0,-0.568071,-5685.26,0.568071,0.339311,0.2105
6570000,2,0.388255,-5669.26,0.550748,0.351279,0.2211
6580000,0,-0.364134,-5684.95,0.364134,0.34748,0.2436
6590000,0,-1.12398,-5685.93,1.12398,0.339726,0.2117
6600000,0,-0.100463,-5686.58,0.100463,0.332623,0.225167
6610000,2,-1.44071,-5671.16,0.90508,0.357671,0.2419
6620000,3,-2.8817,-5670.9,2.46804,0.344578,0.2731
6630000,0,-0.205881,-5685.01,0.205881,0.35385,0.2229
6640000,1,-0.987423,-5680.05,1.32007,0.351341,0.22608
6650000,2,-2.14457,-5669.41,1.3549,0.3415,0.2757
6660000,2,-1.14428,-5670.13,1.58294,0.348894,0.2781
6670000,3,-1.69311,-5661.12,1.44643,0.353923,0.286
6680000,2,-0.556153,-5667.76,1.44154,0.354753,0.2721
6690000,2,-2.65745,-5669.74,2.08339,0.347693,0.2767
6700000,2,-0.703274,-5667.81,0.697159,0.353905,0.2754
6710000,2,0.0354631,-5672.83,0.856123,0.351032,0.2547
6720000,0,-1.16568,-5685.33,1.16568,0.349834,0.2682
6730000,0,-0.653179,-5684.73,0.653179,0.342252,0.2213
6740000,0,-0.011922,-5687.37,0.011922,0.342624,0.2065
6750000,0,-1.62866,-5685.16,1.62866,0.3618,0.229333
6760000,2,-2.35301,-5667.16,1.02515,0.359488,0.252
6770000,4,-1.43486,-5660.61,1.22089,0.346105,0.2703
6780000,6,-0.729259,-5657.77,1.16599,0.344013,0.268
6790000,3,-1.87145,-5659.75,1.68526,0.342286,0.2852
6800000,2,-2.32455,-5671.21,0.928017,0.345321,0.294
6810000,3,-2.51899,-5669.41,2.4356,0.349532,0.2625
6820000,4,-5.17552,-5672.07,4.05139,0.353446,0.2608
6830000,1,0.197132,-5679.84,0.324304,0.345259,0.2256
6840000,2,-4.15016,-5668.51,2.45677,0.355794,0.23472
6850000,3,-5.13178,-5659.47,4.13047,0.35459,0.278
6860000,2,0.194376,-5668.33,0.681389,0.353867,0.2755
6870000,0,-0.153459,-5685.59,0.153459,0.348296,0.22075
6880000,0,-1.35493,-5684.91,1.35493,0.344556,0.213
6890000,0,-0.360501,-5684.88,0.360501,0.341894,0.2207
6900000,1,-0.273385,-5677.76,0.730129,0.329117,0.2249
6910000,0,-0.0298698,-5684.97,0.0298698,0.338823,0.22994
6920000,0,-0.235371,-5686.17,0.235371,0.36561,0.23905
6930000,0,-0.513214,-5685.87,0.513214,0.347837,0.23145
6940000,0,-0.47143,-5684.39,0.47143,0.349431,0.2211
6950000,3,-0.867252,-5677.78,0.598944,0.325223,0.2355
6960000,3,-2.05998,-5667.98,2.28184,0.355057,0.2533
6970000,1,0.272854,-5680.79,0.191154,0.342073,0.2198
6980000,0,-0.626891,-5685.11,0.626891,0.353374,0.227
6990000,0,-1.17666,-5685.24,1.17666,0.350333,0.21905
7000000,0,-0.0235102,-5684.79,0.0235102,0.343788,0.2147
7010000,1,-0.734474,-5678.74,1.2764,0.348625,0.2245
7020000,1,-0.831386,-5682.13,0.828194,0.343754,0.2708
7030000,1,-0.367423,-5677.04,0.732302,0.342544,0.2465
7040000,2,-1.38266,-5672.58,1.30858,0.358229,0.231
7050000,0,-1.16018,-5684.39,1.16018,0.350205,0.2255
7060000,0,-0.341814,-5684.96,0.341814,0.355906,0.2103
7070000,1,0.00709634,-5678.39,0.476244,0.344766,0.2181
7080000,0,-0.495831,-5685.22,0.495831,0.348106,0.2149
7090000,0,-0.207014,-5687.32,0.207014,0.365337,0.2112
7100000,0,-1.14895,-5684.89,1.14895,0.354753,0.2094
7110000,0,-0.315386,-5684.21,0.315386,0.348345,0.2115
7120000,1,-0.957955,-5676.19,1.40449,0.362908,0.206
7130000,1,-0.125523,-5675.13,0.563726,0.346028,0.2538
7140000,2,-1.1332,-5672.06,0.674922,0.335627,0.22915
7150000,3,-3.61527,-5664.54,2.25149,0.354746,0.2377
7160000,3,-4.25329,-5668.55,2.79742,0.35737,0.23715
7170000,0,-0.0298786,-5684.61,0.0298786,0.346139,0.26475
7180000,0,-0.154498,-5685.19,0.154498,0.338764,0.22985
7190000,1,-0.651559,-5675.18,1.0501,0.343099,0.2259
7200000,0,-0.587354,-5684.65,0.587354,0.351492,0.2355
7210000,2,-0.168421,-5675.03,0.363645,0.349614,0.229675
7220000,0,-0.386048,-5684.92,0.386048,0.34596,0.2115
7230000,2,-0.455575,-5673.97,1.25132,0.370547,0.2297
7240000,0,-0.286097,-5684.93,0.286097,0.346936,0.217975
7250000,1,-0.0843267,-5677.6,0.396471,0.360044,0.2348
7260000,0,-0.48513,-5688,0.48513,0.344898,0.221467
7270000,3,0.0441036,-5672.67,1.04527,0.354811,0.2587
7280000,2,-4.52878,-5672.6,4.29081,0.362103,0.28465
7290000,2,-1.92648,-5669.99,1.84902,0.361597,0.262
7300000,2,-2.51978,-5670.72,2.5727,0.361835,0.2747
7310000,3,-3.29312,-5664.94,1.78344,0.345501,0.2679
7320000,1,-0.620633,-5680.09,1.01094,0.354202,0.20974
7330000,0,-0.0121194,-5687.15,0.0121194,0.337353,0.2565
7340000,1,-0.481246,-5678.2,0.965186,0.350618,0.2083
7350000,0,-0.672302,-5684.72,0.672302,0.356205,0.2283
7360000,0,-0.535538,-5685.23,0.535538,0.346942,0.23
7370000,1,-0.211255,-5676.73,0.624902,0.34327,0.2176
7380000,2,-1.47286,-5671.56,1.49974,0.345832,0.223267
7390000,2,-1.5058,-5665.89,1.34883,0.348462,0.2815
7400000,0,-0.688727,-5684.9,0.688727,0.347612,0.2372
7410000,2,-2.23087,-5668.06,1.10567,0.345371,0.2455
7420000,3,-1.09274,-5668.51,0.682502,0.33609,0.2678
7430000,0,-0.550157,-5684.93,0.550157,0.339647,0.254717
7440000,2,-0.682597,-5674.13,0.420216,0.343252,0.2502
7450000,2,-3.6965,-5667.71,1.49847,0.350321,0.245133
7460000,0,-0.271796,-5684.48,0.271796,0.344243,0.2615
7470000,0,-1.05241,-5685.52,1.05241,0.352818,0.213967
7480000,1,-2.10289,-5678.05,2.56281,0.334727,0.2177
7490000,1,0.128619,-5680.35,0.263071,0.347174,0.2106
7500000,0,-0.126013,-5685.13,0.126013,0.363216,0.22435
7510000,0,-0.420772,-5685.34,0.420772,0.342454,0.2107
7520000,0,-0.199562,-5687.18,0.199562,0.336995,0.211567
7530000,1,-0.515943,-5685.16,0.846787,0.366416,0.2099
7540000,1,-1.46739,-5678.88,1.83202,0.335912,0.2095
7550000,4,-2.30009,-5667.18,2.34148,0.347327,0.2519
7560000,3,-3.76704,-5668.75,3.678,0.368768,0.26715
7570000,2,-0.214433,-5672.21,1.14908,0.362617,0.2519
7580000,0,-0.320124,-5684.66,0.320124,0.343501,0.2253
7590000,1,0.197236,-5680.26,0.297308,0.372334,0.2402
7600000,3,-2.40395,-5672.25,2.96459,0.338564,0.23642
7610000,3,-2.17853,-5667.84,1.79269,0.361089,0.27605
7620000,0,-0.494385,-5685.6,0.494385,0.360462,0.2328
7630000,0,-0.140668,-5686.69,0.140668,0.333379,0.21885
7640000,0,-0.714178,-5686.52,0.714178,0.341769,0.2031
7650000,3,-1.12485,-5676.69,0.670911,0.354927,0.2181
7660000,0,-0.338053,-5687.98,0.338053,0.354004,0.2615
7670000,2,-2.99773,-5667.04,1.38408,0.335159,0.2414
7680000,0,-1.76838,-5685.51,1.76838,0.361581,0.241925
7690000,3,-3.04043,-5670.59,1.95564,0.368518,0.2766
7700000,0,-0.82258,-5684.32,0.82258,0.353437,0.2232
7710000,0,-0.374642,-5684.79,0.374642,0.356399,0.2036
7720000,0,-1.2438,-5685.25,1.2438,0.349335,0.2166
7730000,0,-1.43661,-5684.9,1.43661,0.348363,0.214
7740000,2,-1.19759,-5676.48,1.51445,0.359279,0.24844
7750000,0,-0.00892318,-5684.94,0.00892318,0.345444,0.2265
7760000,0,-0.111502,-5685.77,0.111502,0.349564,0.2271
7770000,0,-0.0406773,-5684.48,0.0406773,0.349295,0.233525
7780000,1,-0.377014,-5682.53,0.36276,0.35354,0.2257
7790000,0,-0.0724272,-5684.97,0.0724272,0.339813,0.2145
7800000,2,-2.03825,-5666.35,1.53375,0.348638,0.2356
7810000,1,-1.70777,-5675.16,2.16267,0.348338,0.22135
7820000,2,0.0188062,-5673.36,0.36154,0.353699,0.2555
7830000,1,-0.558842,-5680.67,1.06235,0.358368,0.2301
7840000,1,-1.04788,-5684.51,0.526626,0.359432,0.243175
7850000,1,-0.571943,-5677.8,1.04254,0.353499,0.2132
7860000,2,-1.0353,-5669.32,1.97642,0.3634,0.2665
7870000,1,-2.63185,-5678.66,3.06486,0.331678,0.2693
7880000,0,-0.0677735,-5687.12,0.0677735,0.341099,0.2153
7890000,2,-1.80243,-5665.87,1.77512,0.351978,0.2654
7900000,3,-2.525,-5664.88,1.91032,0.345589,0.2702
7910000,0,-0.270989,-5687.32,0.270989,0.334853,0.2583
7920000,0,-1.54011,-5687.33,1.54011,0.341349,0.228937
7930000,3,-2.99554,-5660.02,1.95514,0.364129,0.22825
7940000,1,0.00237579,-5678.22,0.456828,0.336425,0.2219
7950000,2,-2.90878,-5670.6,1.33198,0.342152,0.2499
7960000,3,-1.75743,-5663.26,1.86257,0.347631,0.2841
7970000,3,-1.81492,-5661.06,1.29293,0.339397,0.26545
7980000,3,-1.65392,-5672.81,1.91605,0.35772,0.27785
7990000,2,-1.51687,-5668.86,1.74376,0.356573,0.2538
8000000,0,-0.317621,-5684.95,0.317621,0.352539,0.2569
8010000,0,-0.403643,-5684.76,0.403643,0.357908,0.2174
8020000,0,-0.0441381,-5686.6,0.0441381,0.366536,0.2143
8030000,1,-0.421137,-5681.44,0.931184,0.340177,0.2477
8040000,0,-0.0546648,-5687.29,0.0546648,0.337082,0.237
8050000,3,-0.11426,-5662.53,0.762956,0.349111,0.2427
8060000,1,-0.206027,-5676.12,0.650531,0.345345,0.2543
8070000,1,-2.34096,-5685.21,2.20764,0.36137,0.219275
8080000,3,-2.36036,-5661.54,1.51199,0.349169,0.2159
8090000,2,-1.74631,-5668.25,0.693515,0.351038,0.2348
8100000,2,-3.53877,-5669.23,2.94374,0.3509,0.2526
8110000,2,-0.543076,-5669.52,1.47219,0.354937,0.273
8120000,3,-0.192336,-5665.78,1.36226,0.343397,0.2746
8130000,0,-0.891695,-5684.59,0.891695,0.354233,0.23494
8140000,1,-1.64411,-5686.84,0.806342,0.371761,0.2073
8150000,1,-2.34354,-5683.71,2.68422,0.363228,0.225433
8160000,0,-2.6244,-5684.43,2.6244,0.345447,0.2287
8170000,3,-3.81939,-5665.63,2.09608,0.358524,0.2162
8180000,1,-0.762063,-5682.99,0.712551,0.335711,0.2472
8190000,1,-0.845411,-5678.02,1.26873,0.34699,0.2301
8200000,1,-2.09269,-5682.8,2.16383,0.36351,0.2264
8210000,2,-1.72043,-5671.33,2.54429,0.344146,0.2149
8220000,0,-0.0822664,-5684.37,0.0822664,0.344598,0.234467
8230000,0,-0.372938,-5684.65,0.372938,0.358618,0.2055
8240000,0,-0.573138,-5685.54,0.573138,0.336156,0.230567
8250000,3,-2.50416,-5663.41,1.22548,0.345043,0.25265
8260000,1,-0.551008,-5678.22,1.04252,0.340591,0.24705
8270000,0,-1.1751,-5685.37,1.1751,0.365796,0.2406
8280000,0,-0.805241,-5686.81,0.805241,0.368929,0.2321
8290000,0,-0.10751,-5687.56,0.10751,0.328882,0.2368
8300000,0,-1.02217,-5685.34,1.02217,0.35426,0.2094
8310000,0,-0.510048,-5685.39,0.510048,0.363075,0.2054
8320000,1,-0.968194,-5684.68,1.24542,0.356495,0.218743
8330000,0,-0.0890936,-5685.02,0.0890936,0.356088,0.218
8340000,1,-0.15153,-5678.27,0.550042,0.348891,0.2185
8350000,0,-0.0504611,-5685.07,0.0504611,0.356495,0.2057
8360000,2,0.149408,-5672.94,0.405814,0.360325,0.252
8370000,3,-2.03834,-5666.75,1.38025,0.362207,0.214925
8380000,2,-2.66707,-5665.4,1.30128,0.355465,0.253
8390000,2,-1.35193,-5666.07,0.684117,0.362428,0.268
8400000,3,-2.37435,-5665.35,1.6957,0.348478,0.262
8410000,0,-0.0043664,-5685.62,0.0043664,0.358416,0.23824
8420000,2,-4.27491,-5670.08,3.48282,0.344,0.267
8430000,2,-1.56037,-5669.49,1.51935,0.346601,0.2875
8440000,0,-0.5251,-5685.14,0.5251,0.357131,0.239625
8450000,0,-0.00433663,-5686.12,0.00433663,0.367831,0.2214
8460000,0,-0.593187,-5684.74,0.593187,0.348988,0.2366
8470000,3,-3.03941,-5665.81,2.50478,0.361734,0.2634
8480000,0,-0.0918976,-5687.48,0.0918976,0.342932,0.2339
8490000,0,-0.652907,-5686.32,0.652907,0.340241,0.242683
8500000,0,-0.267823,-5684.81,0.267823,0.345713,0.21785
8510000,0,-1.61762,-5685.62,1.61762,0.342407,0.20665
8520000,3,0.112832,-5669.7,1.10844,0.356315,0.2173
8530000,2,-2.34244,-5675.06,2.06064,0.360853,0.2417
8540000,0,-0.673363,-5684.5,0.673363,0.347675,0.2403
8550000,2,-3.42955,-5683.78,2.16745,0.362988,0.2091
8560000,1,-0.299841,-5679.76,0.866719,0.361572,0.229167
8570000,1,-0.818976,-5682.54,1.32417,0.339694,0.2222
8580000,2,-0.740915,-5678.37,0.278435,0.363304,0.213667
8590000,2,-0.409681,-5669.17,0.667119,0.362076,0.2205
8600000,0,-0.260812,-5684.47,0.260812,0.34521,0.2598
8610000,0,-0.118181,-5684.27,0.118181,0.349071,0.2135
8620000,1,-0.60787,-5682.69,0.73078,0.353037,0.2151
8630000,1,-1.32254,-5681.6,1.86296,0.345198,0.2265
8640000,1,-0.184451,-5676.11,0.631113,0.349006,0.220317
8650000,0,-1.89265,-5686.53,1.89265,0.359602,0.2189
8660000,0,-0.444435,-5685.53,0.444435,0.360646,0.233
8670000,2,-0.867113,-5671.02,1.77022,0.342143,0.2634
8680000,0,-0.673355,-5687.59,0.673355,0.359193,0.214133
8690000,2,-0.623231,-5670.57,1.46328,0.345789,0.2486
8700000,2,-1.08789,-5670.93,1.02519,0.350959,0.2551
8710000,0,-0.441715,-5684.68,0.441715,0.36053,0.24605
8720000,0,-0.0937861,-5684.49,0.0937861,0.350486,0.23485
8730000,5,-3.72389,-5657.12,2.43822,0.338325,0.2595
8740000,2,-4.97871,-5665.38,3.29637,0.345255,0.2464
8750000,3,-0.805717,-5669.96,1.27342,0.334564,0.2735
8760000,2,-3.93728,-5668.92,2.00296,0.347766,0.2814
8770000,2,-1.35561,-5679.34,1.24799,0.363525,0.22475
8780000,2,-2.48402,-5670.58,1.51053,0.357323,0.26515
8790000,0,-0.209462,-5685.26,0.209462,0.339832,0.2259
8800000,1,-1.63215,-5684.75,1.83506,0.353646,0.2137
8810000,1,-0.495979,-5678.29,1.01956,0.348598,0.2309
8820000,0,-1.08556,-5685.06,1.08556,0.357482,0.2186
8830000,0,-0.355983,-5684.83,0.355983,0.352643,0.2338
8840000,2,-1.99866,-5680.61,2.30681,0.354865,0.2063
8850000,2,-1.69789,-5679.4,1.43996,0.357453,0.2471
8860000,0,-0.727525,-5684.85,0.727525,0.345074,0.2331
8870000,2,-3.00376,-5674.09,3.43454,0.344061,0.2205
8880000,0,-0.0479793,-5686.52,0.0479793,0.347848,0.21925
8890000,1,-1.38489,-5675.12,1.80621,0.355713,0.22205
8900000,0,-0.110156,-5684.4,0.110156,0.345521,0.2382
8910000,4,-2.97392,-5662.58,4.52752,0.329926,0.2704
8920000,1,-1.92647,-5675.14,2.32085,0.347042,0.2713
8930000,0,-0.053559,-5684.67,0.053559,0.342257,0.2211
8940000,0,-0.803296,-5684.79,0.803296,0.347365,0.224
8950000,2,-0.346358,-5675.05,0.466311,0.327081,0.241
8960000,3,-0.555841,-5670.12,0.676288,0.345218,0.2383
8970000,2,-0.318113,-5668.17,1.12455,0.357779,0.2243
8980000,2,-1.45905,-5670.93,1.33744,0.356102,0.2559
8990000,3,0.0224616,-5663.42,0.656797,0.357707,0.222967
9000000,0,-0.0925813,-5684.68,0.0925813,0.351692,0.25245
9010000,0,-0.131114,-5686.01,0.131114,0.35556,0.205
9020000,1,0.214023,-5677.47,0.379325,0.35278,0.2276
9030000,2,-0.158435,-5678.69,0.918445,0.338071,0.2366
9040000,2,-2.31879,-5670.65,2.0432,0.371072,0.25278
9050000,2,-0.682489,-5671.85,1.49269,0.355855,0.2401
9060000,1,-1.23635,-5683.34,0.903126,0.343997,0.27125
9070000,0,-0.295398,-5684.6,0.295398,0.35417,0.2141
9080000,1,-1.75433,-5676.18,2.17849,0.347656,0.237133
9090000,1,-2.63553,-5677.5,3.07035,0.335298,0.2539
9100000,0,-0.493035,-5687.2,0.493035,0.338146,0.2351
9110000,0,-1.32053,-5684.57,1.32053,0.355229,0.2114
9120000,0,-1.19961,-5685.04,1.19961,0.339502,0.2092
9130000,1,0.320819,-5681.13,0.0583225,0.35147,0.233417
9140000,0,-0.28167,-5687.1,0.28167,0.352519,0.2172
9150000,0,-0.027122,-5686.52,0.027122,0.350866,0.211
9160000,0,-1.06534,-5684.59,1.06534,0.348231,0.207
9170000,1,-0.782457,-5681.55,1.18767,0.355,0.215
9180000,1,0.000788965,-5675.74,0.419046,0.349093,0.2139
9190000,2,-1.02492,-5666.18,0.525455,0.349289,0.220357
9200000,2,-0.452004,-5668.61,0.477067,0.355897,0.2786
9210000,0,-0.0189932,-5684.57,0.0189932,0.344696,0.259
9220000,2,-0.216348,-5673.43,0.632022,0.351513,0.2467
9230000,0,-0.314601,-5685.53,0.314601,0.362719,0.2039
9240000,0,-0.281019,-5684.94,0.281019,0.359213,0.219833
9250000,0,-0.33939,-5686.78,0.33939,0.358891,0.2113
9260000,0,-1.79997,-5684.21,1.79997,0.35218,0.2077
9270000,0,-0.841448,-5688.56,0.841448,0.356983,0.21815
9280000,0,-0.339259,-5685.06,0.339259,0.362098,0.2033
9290000,0,-0.00648167,-5684.91,0.00648167,0.342461,0.20725
9300000,0,-0.532733,-5689.09,0.532733,0.380175,0.22105
9310000,1,0.405381,-5678.12,0.0668779,0.35424,0.23015
9320000,0,-0.907087,-5685.93,0.907087,0.357851,0.21765
9330000,1,0.254259,-5676.07,0.130985,0.361109,0.2387
9340000,0,-0.832591,-5685.07,0.832591,0.338581,0.2528
9350000,0,-1.00821,-5686.6,1.00821,0.366628,0.23075
9360000,0,-0.302216,-5684.69,0.302216,0.342392,0.20775
9370000,0,-0.118106,-5686.55,0.118106,0.344773,0.21325
9380000,0,-0.363056,-5684.94,0.363056,0.362779,0.21165
9390000,1,0.207198,-5678.47,0.259089,0.346565,0.218
9400000,2,-1.21242,-5670.35,2.13907,0.353629,0.2515
9410000,1,-0.41723,-5678.83,0.866222,0.343303,0.2617
9420000,0,-1.45805,-5684.84,1.45805,0.353065,0.21595
9430000,0,-0.0577589,-5686.92,0.0577589,0.349327,0.2245
9440000,0,-0.34111,-5685.12,0.34111,0.354219,0.216067
9450000,0,-0.040309,-5686.8,0.040309,0.35652,0.2271
9460000,0,-0.20646,-5684.21,0.20646,0.347323,0.24275
9470000,0,-2.0015,-5685.1,2.0015,0.351421,0.2322
9480000,3,-3.46328,-5665.12,1.65396,0.347771,0.2856
9490000,0,-0.339166,-5685.74,0.339166,0.340666,0.244
9500000,3,-3.64884,-5662.81,3.00573,0.356273,0.2403
9510000,1,-0.438085,-5678.15,0.837591,0.350992,0.2522
9520000,1,-0.883324,-5683.19,1.00079,0.359575,0.235875
9530000,3,-3.24906,-5673.72,2.17545,0.339883,0.2429
9540000,0,-0.357261,-5685.38,0.357261,0.349472,0.2755
9550000,1,0.165224,-5678.27,0.221255,0.359905,0.251925
9560000,0,-1.79823,-5690.49,1.79823,0.352563,0.2193
9570000,0,-2.02287,-5686.66,2.02287,0.348816,0.253767
9580000,0,-0.94902,-5685.94,0.94902,0.335402,0.22345
9590000,3,-1.12645,-5664.83,1.82525,0.341359,0.2407
9600000,4,-2.79789,-5660.45,0.663892,0.335587,0.2732
9610000,5,-1.55637,-5662.82,2.15565,0.351285,0.2848
9620000,3,-3.05543,-5672.16,3.95556,0.34448,0.2876
9630000,0,-0.0132946,-5690.4,0.0132946,0.3337,0.2634
9640000,0,-1.04088,-5684.94,1.04088,0.359409,0.250314
9650000,0,-0.508417,-5684.39,0.508417,0.356291,0.2229
9660000,0,-0.710259,-5686.55,0.710259,0.336569,0.2121
9670000,0,-0.105051,-5686.37,0.105051,0.367508,0.2082
9680000,3,-3.29904,-5674.74,1.95925,0.354929,0.22792
9690000,0,-0.920786,-5685.26,0.920786,0.352833,0.2224
9700000,6,-5.73066,-5660.48,1.90436,0.348289,0.2443
9710000,1,-0.0472705,-5682.43,0.418784,0.373209,0.22485
9720000,2,-3.90765,-5671.69,3.99888,0.338673,0.25455
9730000,1,-1.02491,-5675.97,1.3907,0.350539,0.26
9740000,0,-0.164371,-5684.16,0.164371,0.349692,0.2268
9750000,0,-0.0531241,-5686.2,0.0531241,0.356152,0.217075
9760000,2,-0.607383,-5676.17,0.946862,0.335338,0.2093
9770000,0,-0.938581,-5687.72,0.938581,0.375485,0.206433
9780000,0,-0.458228,-5684.27,0.458228,0.354883,0.2107
9790000,1,-0.499126,-5676.38,0.896936,0.344648,0.228567
9800000,2,-1.10042,-5674.95,0.860105,0.356251,0.2474
9810000,1,0.0537273,-5680.61,0.311041,0.330549,0.2338
9820000,0,-0.333145,-5684.26,0.333145,0.351453,0.2268
9830000,0,-0.00772334,-5686.54,0.00772334,0.337659,0.2107
9840000,0,-0.244834,-5685.42,0.244834,0.342965,0.2365
9850000,1,-0.601261,-5675.54,1.02874,0.340208,0.2255
9860000,2,-1.88189,-5669.19,0.860278,0.352262,0.2716
9870000,2,0.643624,-5667.83,0.296101,0.344139,0.2771
9880000,0,-0.220982,-5685.25,0.220982,0.354938,0.2388
9890000,0,-0.950903,-5685.38,0.950903,0.351426,0.2251
9900000,0,-0.184154,-5686.47,0.184154,0.345704,0.217829
9910000,3,-3.28344,-5662.31,3.08605,0.349932,0.2289
9920000,3,-2.73755,-5672.4,3.5039,0.348059,0.2516
9930000,1,-2.56228,-5686.53,0.853524,0.377019,0.2348
9940000,3,-3.6088,-5669.88,3.38189,0.325977,0.25095
9950000,0,-0.419188,-5684.34,0.419188,0.352268,0.2153
9960000,1,-0.217797,-5676.32,0.636959,0.353652,0.2139
9970000,1,-0.746918,-5677.43,1.13124,0.352557,0.2626
9980000,0,-0.721733,-5685.27,0.721733,0.343579,0.2213
9990000,3,-1.63732,-5663.07,1.54411,0.34417,0.2465
