generation,N_shifts,logPrior,logLik,eventRate,preservationRate,acceptRate
0,0,-1,-6467.21,1,0.43,1
50000,2,0.322043,-3833.18,0.676775,0.602878,0.23905
100000,2,-1.05444,-3834.39,1.98781,0.604045,0.2408
150000,2,-0.458761,-3832,1.43967,0.626218,0.234
200000,3,-0.748995,-3831.89,2.08306,0.602651,0.24162
250000,3,-0.0518968,-3832.91,1.23039,0.620914,0.2233
300000,1,-0.859376,-3844.43,1.25711,0.62413,0.21375
350000,2,-2.90281,-3832.03,3.83443,0.629597,0.2426
400000,2,-1.31568,-3831.89,2.26735,0.603716,0.2415
450000,2,0.459626,-3835.18,0.412558,0.603967,0.247467
500000,2,-1.56846,-3832.76,2.52062,0.626888,0.238
550000,3,-0.864472,-3833.03,2.38087,0.637788,0.2317
600000,1,-0.819473,-3850.8,1.1706,0.608687,0.2001
650000,2,-0.349864,-3834.18,1.28069,0.603534,0.24585
700000,2,-2.36911,-3832.78,3.29888,0.581448,0.2496
750000,2,-0.650712,-3834.44,1.44405,0.610573,0.244
800000,2,-0.739956,-3834.22,1.59766,0.624781,0.2301
850000,2,-0.914651,-3832.2,1.89004,0.610676,0.2411
900000,1,-0.658,-3846.08,1.01954,0.615357,0.2034
950000,3,-0.705693,-3830.71,1.79831,0.617999,0.243889
1000000,2,-0.0716073,-3837.23,0.869793,0.628888,0.2411
1050000,2,-2.0823,-3833.78,3.07262,0.607903,0.2406
1100000,1,-0.598854,-3843.66,0.998,0.606567,0.211011
1150000,2,-0.371408,-3835.28,1.25787,0.623554,0.2392
1200000,2,-0.490181,-3834.95,1.36681,0.601291,0.2322
1250000,3,0.0560806,-3831.54,1.23021,0.586241,0.220956
1300000,1,0.238844,-3844.42,0.132671,0.601521,0.2033
1350000,2,-1.07596,-3833.48,1.92621,0.599538,0.254138
1400000,2,-1.1189,-3833.07,2.08885,0.622398,0.2492
1450000,2,-0.507521,-3832.49,1.42649,0.610579,0.235
1500000,2,-0.31868,-3834.14,1.27061,0.634526,0.222693
1550000,3,-0.886751,-3832.06,1.76124,0.597424,0.23955
1600000,4,-0.600303,-3836.24,1.22716,0.592502,0.2353
1650000,3,0.419559,-3834.01,0.723076,0.615208,0.2292
1700000,2,0.324044,-3837.47,0.587134,0.643764,0.2265
1750000,2,-1.4557,-3836.9,2.27377,0.572652,0.24345
1800000,2,-0.661773,-3832.11,1.59737,0.615614,0.2292
1850000,2,0.732965,-3834.88,0.260383,0.58302,0.2394
1900000,2,0.0425147,-3836.51,0.792137,0.629712,0.220656
1950000,2,-2.62475,-3833.85,3.55696,0.590723,0.244975
2000000,2,-0.605497,-3836.75,1.62651,0.588232,0.2421
2050000,3,-2.28311,-3832.41,3.47812,0.609047,0.2358
2100000,2,-0.682437,-3835,1.5508,0.627275,0.243733
2150000,2,-1.85167,-3832.26,2.77379,0.594677,0.2437
2200000,2,-0.467762,-3832.82,1.39239,0.618359,0.2357
2250000,2,-1.52946,-3835.11,2.27599,0.599126,0.237433
2300000,2,-0.825927,-3832.73,1.67969,0.603484,0.23985
2350000,2,0.08729,-3832.8,0.813045,0.609669,0.2314
2400000,2,-2.16074,-3836.09,3.18896,0.579268,0.2286
2450000,2,-0.561885,-3835.09,1.46104,0.610977,0.2456
2500000,2,-0.982509,-3834.4,1.96633,0.616385,0.2441
2550000,2,0.209936,-3832.6,0.763973,0.627557,0.2404
2600000,2,-2.32448,-3833.47,3.25926,0.633124,0.24634
2650000,2,-0.139579,-3833.08,1.0422,0.600089,0.2431
2700000,2,-1.20808,-3832.28,2.13618,0.619875,0.232939
2750000,3,-2.13748,-3834.06,2.74797,0.62752,0.244885
2800000,1,0.120875,-3844.22,0.250486,0.602393,0.254362
2850000,1,-1.06061,-3848.71,1.53547,0.599359,0.2501
2900000,3,-0.822821,-3831.21,2.06504,0.608615,0.244867
2950000,2,-0.91739,-3834.98,1.83981,0.593857,0.2293
3000000,1,0.171441,-3848.51,0.362361,0.619955,0.25485
3050000,2,0.0244465,-3835.53,0.814909,0.612302,0.247233
3100000,2,-0.366569,-3833.81,1.32316,0.613133,0.24715
3150000,2,0.623912,-3833.55,0.241572,0.589468,0.2335
3200000,2,-0.218765,-3832.73,1.11986,0.610749,0.23925
3250000,2,-0.581681,-3833.94,1.36326,0.598438,0.2397
3300000,2,-2.53502,-3833.21,3.44816,0.619793,0.244956
3350000,6,-1.46588,-3827.06,2.7126,0.603342,0.253625
3400000,2,-0.58093,-3836.8,1.5762,0.590212,0.23895
3450000,2,0.349701,-3836.37,0.387918,0.585777,0.243375
3500000,4,-5.61187,-3829.48,5.44138,0.614005,0.2437
3550000,2,0.147404,-3836.16,0.800525,0.609016,0.23785
3600000,2,0.0962346,-3836.88,0.878019,0.588392,0.2287
3650000,2,-0.721319,-3832.14,1.66442,0.616037,0.2347
3700000,2,-1.58745,-3835.09,2.51078,0.625178,0.22057
3750000,2,0.133659,-3835.69,0.742391,0.572994,0.2376
3800000,2,-0.64112,-3834.86,1.59223,0.602259,0.241
3850000,2,-0.761969,-3835.07,1.64817,0.629734,0.245
3900000,4,-2.52845,-3830.07,2.33056,0.611394,0.245254
3950000,2,-0.702131,-3834.26,1.6416,0.643045,0.2331
4000000,2,-0.799021,-3836.09,1.79672,0.635057,0.235528
4050000,2,-1.72208,-3836.06,2.6914,0.62065,0.24556
4100000,2,-1.13813,-3834.44,2.04461,0.593988,0.2366
4150000,3,-1.51753,-3830.29,1.02302,0.588061,0.218843
4200000,3,-3.65673,-3834.78,2.59904,0.625887,0.242617
4250000,2,-0.250448,-3835.77,1.16798,0.646093,0.2277
4300000,2,0.171366,-3833.78,0.619579,0.605157,0.242575
4350000,2,-0.271888,-3833.61,1.15907,0.598431,0.2279
4400000,2,-2.74138,-3843.58,3.47051,0.599554,0.234187
4450000,4,-0.0337556,-3831.48,1.63141,0.593295,0.2373
4500000,2,0.0285304,-3834.64,0.739428,0.597747,0.220055
4550000,2,-0.614918,-3832.21,1.54417,0.630627,0.2427
4600000,3,0.194867,-3836.25,0.8785,0.597878,0.24705
4650000,3,-2.93161,-3834.66,4.17884,0.582785,0.2475
4700000,2,-1.71922,-3835.15,2.59932,0.614777,0.22235
4750000,3,-1.75299,-3837.38,3.12763,0.600278,0.2453
4800000,2,0.605784,-3833.52,0.385215,0.617597,0.2498
4850000,2,0.378524,-3832.45,0.514606,0.611811,0.2385
4900000,2,-0.245168,-3837.61,1.26432,0.636937,0.25115
4950000,2,-1.0556,-3833.23,1.88344,0.617767,0.2522
5000000,2,0.0552772,-3832.68,0.873194,0.634546,0.2371
5050000,2,-0.474802,-3833.33,1.3672,0.587123,0.2295
5100000,3,0.126053,-3831.33,1.13083,0.623768,0.2421
5150000,2,-1.28626,-3834.28,2.18181,0.58847,0.2338
5200000,1,-5.0233,-3847.71,5.38789,0.566805,0.220337
5250000,2,-0.338691,-3836.48,1.16801,0.591381,0.218583
5300000,2,0.1904,-3835.89,0.715225,0.581485,0.247483
5350000,2,-0.385233,-3834.45,1.2755,0.619093,0.24535
5400000,2,-0.161908,-3833.26,1.10836,0.643082,0.24805
5450000,2,-0.604034,-3832.83,1.48972,0.624301,0.224
5500000,2,0.187021,-3832.8,0.764911,0.618961,0.236371
5550000,2,-0.506705,-3835.77,1.40211,0.638554,0.2419
5600000,3,-1.15008,-3835.48,2.36601,0.603248,0.241533
5650000,2,-2.70486,-3831.53,3.62562,0.592221,0.253694
5700000,3,-0.784626,-3839.21,1.21048,0.6214,0.2394
5750000,4,-1.00057,-3830.02,2.04904,0.617332,0.244
5800000,2,-0.491452,-3836.87,1.29479,0.639488,0.239767
5850000,2,-0.0522396,-3832.59,0.962999,0.6095,0.24035
5900000,2,-0.272001,-3831.29,1.20179,0.610092,0.2464
5950000,2,-0.599187,-3832.81,1.47823,0.610118,0.24685
6000000,2,0.327125,-3836.07,0.462012,0.57295,0.24375
6050000,2,-1.02611,-3833.73,1.99013,0.621611,0.229318
6100000,3,-1.69847,-3834.25,1.92082,0.611459,0.2314
6150000,2,-0.383401,-3838.11,1.26373,0.605519,0.2382
6200000,2,0.751432,-3836.42,0.118969,0.615724,0.2403
6250000,2,-2.77677,-3837.13,3.75624,0.617163,0.23955
6300000,2,-2.99163,-3831.3,3.8946,0.599208,0.2415
6350000,3,-2.12347,-3834.47,2.0416,0.593197,0.2394
6400000,2,-0.351602,-3834.24,1.22801,0.614877,0.2445
6450000,2,-0.751372,-3834.66,1.7175,0.590687,0.2445
6500000,2,0.443067,-3836.18,0.350846,0.612638,0.2317
6550000,2,-1.9243,-3833.28,2.87899,0.587002,0.2458
6600000,2,-0.0614494,-3831.93,0.94997,0.625779,0.2422
6650000,2,-2.2797,-3833.25,3.07245,0.610701,0.2335
6700000,2,-1.53568,-3834.99,2.48905,0.60351,0.2471
6750000,2,0.24676,-3832.19,0.65182,0.610307,0.2399
6800000,2,-0.590112,-3834.06,1.54387,0.617309,0.23935
6850000,2,0.603713,-3831.71,0.322909,0.599541,0.2334
6900000,2,-0.659979,-3833.71,1.6531,0.605817,0.23705
6950000,2,-0.704034,-3833.69,1.63113,0.600864,0.246363
7000000,3,-2.88689,-3834.2,4.41336,0.620055,0.239533
7050000,2,-0.495595,-3831.1,1.36506,0.608878,0.2456
7100000,1,-0.119044,-3848.92,0.550888,0.583479,0.254475
7150000,2,0.369384,-3836.56,0.441655,0.616699,0.2328
7200000,1,-0.0937129,-3845.97,0.457402,0.614767,0.2162
7250000,3,-1.64223,-3836.05,1.46489,0.607258,0.24175
7300000,2,-1.67729,-3837.38,2.49359,0.623815,0.2389
7350000,2,0.168449,-3834.08,0.63197,0.60956,0.24145
7400000,1,-0.339929,-3843.67,0.72547,0.597765,0.2172
7450000,1,-0.180827,-3847.65,0.496778,0.595665,0.21235
7500000,1,-2.07734,-3844.61,2.46987,0.61524,0.21375
7550000,1,-0.620384,-3844.3,1.02657,0.618737,0.208
7600000,2,0.488043,-3833.47,0.356557,0.589902,0.24155
7650000,1,-1.22669,-3847.69,1.522,0.606062,0.215175
7700000,2,0.167619,-3838.06,0.65482,0.611654,0.2146
7750000,2,-1.98176,-3833.72,2.85111,0.626277,0.23585
7800000,2,0.224415,-3832.12,0.689707,0.585299,0.2369
7850000,2,0.109427,-3834.27,0.729075,0.600545,0.2372
7900000,2,0.126518,-3831.94,0.766165,0.59663,0.2428
7950000,2,0.73884,-3831.75,0.151486,0.624671,0.2284
8000000,1,-1.82339,-3845.61,2.25989,0.610129,0.212433
8050000,2,0.00476083,-3834.12,0.849743,0.584976,0.2427
8100000,2,-0.542724,-3841.74,1.19471,0.623579,0.2521
8150000,2,-0.147304,-3836.91,1.01193,0.609612,0.2383
8200000,2,-0.155172,-3834.82,1.03464,0.601753,0.2428
8250000,2,-0.701669,-3834.54,1.59464,0.648793,0.2469
8300000,2,0.311095,-3838.77,0.527028,0.573,0.243533
8350000,2,-0.800822,-3837.89,1.69877,0.555013,0.2428
8400000,2,-0.18119,-3832.71,1.07712,0.636176,0.2406
8450000,2,-2.55048,-3832.76,3.44824,0.61574,0.237067
8500000,3,-0.5265,-3832.11,1.21917,0.601429,0.2438
8550000,3,-0.449403,-3835.63,1.06428,0.637822,0.24835
8600000,2,-0.232475,-3832.88,1.08559,0.596385,0.2299
8650000,2,-0.667894,-3833.21,1.54043,0.629641,0.2282
8700000,1,-0.660057,-3847.81,0.989108,0.570344,0.229114
8750000,1,-1.51876,-3844.86,1.89608,0.627607,0.21364
8800000,1,-0.329509,-3846.32,0.67107,0.586136,0.2033
8850000,2,-0.208335,-3832,1.11238,0.610641,0.22608
8900000,2,0.0809498,-3832.84,0.754793,0.608252,0.2357
8950000,2,-1.2488,-3834.2,2.08373,0.613613,0.223112
9000000,3,-1.96865,-3832.93,3.28797,0.601773,0.2404
9050000,2,-0.130787,-3833.66,1.09198,0.605034,0.2349
9100000,2,-2.48561,-3831.94,3.36735,0.604829,0.2325
9150000,2,-0.238579,-3835.37,1.13055,0.639096,0.2496
9200000,2,0.422787,-3834.21,0.476768,0.601104,0.242033
9250000,2,0.199106,-3833.19,0.653539,0.612113,0.238967
9300000,2,-1.56306,-3835.67,2.3645,0.637837,0.2394
9350000,3,-1.75652,-3833.29,3.10971,0.581453,0.23865
9400000,2,0.259107,-3846.39,0.406757,0.584507,0.21335
9450000,2,0.420385,-3831.23,0.476484,0.599569,0.226
9500000,2,-0.890542,-3834.7,1.7169,0.603139,0.2372
9550000,2,-0.612215,-3834.89,1.39182,0.616087,0.2451
9600000,2,-0.996826,-3838.07,1.84685,0.612749,0.2408
9650000,2,-0.244275,-3835.69,1.07528,0.640122,0.2287
9700000,1,-0.209301,-3846.7,0.595384,0.589475,0.213475
9750000,2,-0.0271061,-3834.28,1.02163,0.592353,0.239933
9800000,1,0.19601,-3843.59,0.182857,0.619227,0.245796
9850000,1,-0.404911,-3843.91,0.774774,0.596024,0.216262
9900000,1,-0.499753,-3847,0.860109,0.602182,0.2105
9950000,1,-1.46798,-3846.65,1.89203,0.641818,0.2158
10000000,1,0.309246,-3844.9,0.0456439,0.601665,0.21014
10050000,2,0.0198886,-3833.1,0.934209,0.621423,0.232433
10100000,2,-1.3287,-3838.09,2.28855,0.574726,0.2417
10150000,2,0.307361,-3832.57,0.607267,0.621681,0.2444
10200000,2,-1.73942,-3835.59,2.65417,0.575579,0.244025
10250000,2,-1.09674,-3832.58,2.00661,0.610965,0.2283
10300000,3,-3.40995,-3834.97,4.17502,0.617277,0.2314
10350000,2,-0.372057,-3834.28,1.21147,0.628326,0.2384
10400000,2,0.177914,-3833.8,0.85269,0.612054,0.22675
10450000,2,0.276812,-3831.32,0.618788,0.607495,0.2545
10500000,2,-1.09222,-3832.08,2.01425,0.629709,0.239
10550000,2,-0.916231,-3836.88,1.64534,0.594559,0.2473
10600000,2,-1.15153,-3835.51,2.13109,0.599157,0.2464
10650000,2,-0.829121,-3834.26,1.64648,0.638244,0.2324
10700000,3,-1.50765,-3833.13,2.49877,0.606352,0.2323
10750000,2,-0.42002,-3832.8,1.3454,0.583811,0.237
10800000,1,-0.360396,-3845.87,0.673828,0.600434,0.213275
10850000,2,0.380802,-3834.5,0.426632,0.624061,0.2422
10900000,2,0.196879,-3831.48,0.727639,0.603005,0.24405
10950000,2,-0.947695,-3834.73,1.88481,0.641324,0.2344
11000000,4,-0.0896377,-3829.36,1.69983,0.608201,0.2493
11050000,2,-0.491591,-3834.58,1.31174,0.603217,0.23815
11100000,2,-1.00373,-3836.41,1.79988,0.587232,0.2313
11150000,2,0.614164,-3832.77,0.21632,0.591177,0.24
11200000,1,0.243331,-3848.35,0.18215,0.606904,0.220554
11250000,2,-0.396571,-3836.99,1.25929,0.624681,0.25115
11300000,2,0.451668,-3838.96,0.305819,0.5891,0.2229
11350000,3,0.315051,-3836.67,0.742873,0.626057,0.24235
11400000,2,-1.45325,-3835.69,2.3181,0.636377,0.23785
11450000,2,-0.34943,-3840.18,1.23267,0.669605,0.2354
11500000,2,-0.420732,-3836.24,1.35506,0.626064,0.25
11550000,3,-2.29083,-3834.48,2.76476,0.612208,0.245138
11600000,2,0.610206,-3835.21,0.256349,0.633723,0.2392
11650000,2,0.0965595,-3838.81,0.974687,0.581036,0.2375
11700000,3,-2.07117,-3833.72,2.85362,0.599233,0.24452
11750000,2,-1.56481,-3835.19,2.53878,0.615255,0.24602
11800000,2,-0.847283,-3832.43,1.81737,0.601255,0.2461
11850000,2,0.0250862,-3832.45,0.852909,0.616249,0.246963
11900000,2,0.0114403,-3833.87,0.968503,0.613192,0.248867
11950000,2,-0.192946,-3836.3,1.12605,0.64299,0.245283
12000000,2,-0.290958,-3833.26,1.2166,0.607516,0.2376
12050000,2,-0.0642004,-3834.16,0.896898,0.590711,0.2392
12100000,2,-1.3876,-3833.18,2.3336,0.61959,0.236
12150000,2,-0.0521722,-3834.46,0.927467,0.615145,0.2348
12200000,2,-0.223715,-3835.61,1.01768,0.607322,0.2388
12250000,2,-2.02765,-3834.97,2.89261,0.620622,0.248733
12300000,2,-0.33628,-3835.23,1.18116,0.604429,0.243507
12350000,4,-3.04349,-3836.89,3.18864,0.617158,0.23175
12400000,2,-0.343931,-3833.73,1.27507,0.63066,0.2396
12450000,2,0.165971,-3835.92,0.613502,0.609825,0.2394
12500000,2,-2.20891,-3836.66,3.07478,0.577739,0.2476
12550000,2,-0.437332,-3832.27,1.37412,0.595308,0.235004
12600000,2,-1.59991,-3833.44,2.59292,0.605735,0.2467
12650000,2,-0.0886254,-3837.43,0.944426,0.570103,0.248543
12700000,2,-1.1209,-3838.67,2.19242,0.597814,0.238
12750000,3,-3.76511,-3831.83,5.17696,0.612542,0.239833
12800000,2,-0.416739,-3846.07,1.17257,0.616412,0.2139
12850000,2,-0.756089,-3834.78,1.69141,0.590439,0.2349
12900000,1,-0.34617,-3844.44,0.734424,0.593989,0.22456
12950000,2,-1.4912,-3835.09,2.33521,0.61624,0.2103
13000000,2,-1.28392,-3834.64,2.21402,0.59594,0.2406
13050000,2,-1.32315,-3831.57,2.25682,0.595808,0.2491
13100000,2,-0.0778892,-3835.62,1.01115,0.609581,0.25216
13150000,2,-0.583013,-3834.83,1.52751,0.644223,0.2355
13200000,2,-0.577656,-3834.73,1.45778,0.631976,0.2359
13250000,2,-2.70794,-3838.21,3.68226,0.615087,0.242869
13300000,3,-1.27524,-3834.71,1.9705,0.59858,0.24934
13350000,2,-0.161168,-3835.45,0.994417,0.601475,0.24
13400000,2,-0.562621,-3836.57,1.4923,0.58343,0.2514
13450000,2,-0.661332,-3831.68,1.58157,0.621909,0.246856
13500000,2,-0.995271,-3832.68,1.85221,0.623197,0.228
13550000,2,-0.635535,-3834.81,1.47373,0.593449,0.244533
13600000,2,-0.159203,-3832.2,1.03566,0.588354,0.24705
13650000,2,0.468223,-3832.01,0.50648,0.629263,0.24455
13700000,2,0.366353,-3833.03,0.613389,0.590359,0.2535
13750000,2,-0.570957,-3837.05,1.36721,0.612553,0.24415
13800000,2,0.666413,-3834.85,0.206844,0.598293,0.244707
13850000,2,-0.674936,-3835.49,1.54979,0.593087,0.243511
13900000,2,-0.416034,-3836.42,1.22733,0.596602,0.24625
13950000,2,0.60095,-3837.09,0.42819,0.631633,0.2451
14000000,2,-2.26448,-3833.13,3.06764,0.606105,0.24775
14050000,2,-0.334578,-3832.57,1.27254,0.620034,0.23955
14100000,2,-0.195531,-3832.23,1.12979,0.597029,0.241857
14150000,2,0.722297,-3834.2,0.234065,0.601502,0.247025
14200000,3,0.101418,-3833.53,0.914222,0.601604,0.2347
14250000,2,-1.71192,-3832.01,2.69374,0.621034,0.2407
14300000,2,-0.27496,-3834.54,1.158,0.606264,0.248
14350000,2,-1.4523,-3835.2,2.39027,0.630446,0.2382
14400000,3,-1.50225,-3834.5,2.45072,0.588129,0.234167
14450000,4,-3.41063,-3826.97,4.11965,0.602029,0.255667
14500000,3,-3.28737,-3834.84,4.14324,0.594922,0.2395
14550000,2,0.0280953,-3833.18,0.873885,0.62333,0.243388
14600000,2,-0.176509,-3832.07,1.10861,0.58955,0.23865
14650000,3,-2.0828,-3835.07,3.02219,0.598535,0.23805
14700000,2,0.287131,-3841.14,0.531966,0.628456,0.2427
14750000,2,-0.15272,-3834.54,0.951312,0.604227,0.243633
14800000,2,-0.421071,-3834.34,1.43123,0.619368,0.249825
14850000,2,0.278365,-3832.67,0.653473,0.585935,0.241625
14900000,3,-1.58399,-3832.11,2.85946,0.625044,0.2436
14950000,3,0.89177,-3828.82,0.362389,0.603511,0.235867
15000000,2,0.244896,-3831.44,0.691431,0.595919,0.2429
15050000,3,-0.326326,-3833.01,1.28703,0.598933,0.24195
15100000,2,0.458435,-3837.15,0.291998,0.583519,0.2355
15150000,2,-0.0239979,-3834.47,0.942438,0.59404,0.2463
15200000,2,0.518128,-3835.21,0.433401,0.579522,0.245633
15250000,2,-0.168346,-3833.92,1.08821,0.614258,0.2435
15300000,1,0.311312,-3845.62,0.0654675,0.596323,0.2076
15350000,2,-0.634011,-3835.25,1.47773,0.591082,0.2294
15400000,3,-3.32791,-3831.82,3.28956,0.595025,0.2306
15450000,5,-2.39472,-3834.4,1.31099,0.610768,0.240433
15500000,2,-0.972852,-3834.59,1.88865,0.582783,0.2332
15550000,1,0.226116,-3845.88,0.105425,0.619625,0.2152
15600000,1,-0.583452,-3843.81,0.980378,0.608773,0.20615
15650000,2,-0.980438,-3833.49,1.89415,0.637492,0.2427
15700000,2,-1.4405,-3832.31,2.31243,0.623143,0.253212
15750000,2,-2.45857,-3834.88,3.40301,0.609896,0.2338
15800000,1,0.150767,-3844.99,0.233948,0.604489,0.221
15850000,1,-1.15443,-3845.9,1.52098,0.592498,0.2087
15900000,2,-2.01676,-3833.56,3.00767,0.616122,0.24245
15950000,2,0.286796,-3833.47,0.525309,0.615228,0.2314
16000000,2,0.20656,-3831.81,0.747872,0.607212,0.2429
16050000,2,-1.37448,-3844.54,2.03127,0.63563,0.23106
16100000,2,-0.205727,-3841.42,0.881558,0.631343,0.2335
16150000,2,-0.444436,-3832.57,1.42787,0.591633,0.239
16200000,2,-0.538295,-3834.95,1.47872,0.575405,0.2391
16250000,2,0.529569,-3832.58,0.446159,0.604206,0.2461
16300000,2,-0.586682,-3833.91,1.50439,0.614911,0.2473
16350000,2,-1.99561,-3841.09,2.90242,0.567589,0.2439
16400000,2,-2.00465,-3836.33,2.96352,0.613959,0.244433
16450000,2,-0.897726,-3842.37,1.31786,0.625919,0.233153
16500000,2,-0.24559,-3835.74,1.26382,0.607958,0.2379
16550000,2,-0.505133,-3832.54,1.40723,0.602209,0.2364
16600000,2,-0.10018,-3834.36,1.07285,0.582375,0.2363
16650000,2,-0.696645,-3832.08,1.68584,0.60923,0.2408
16700000,3,0.294733,-3830.56,1.01589,0.596503,0.2409
16750000,1,-0.665543,-3844.36,1.04915,0.590531,0.232375
16800000,2,-0.513116,-3831.15,1.44062,0.616504,0.2477
16850000,1,-0.564995,-3851.35,0.957568,0.649109,0.2715
16900000,2,0.157569,-3838.38,0.651371,0.623754,0.26204
16950000,2,-0.542371,-3831.88,1.46958,0.585261,0.2299
17000000,2,-1.65795,-3832.28,2.56694,0.615823,0.239446
17050000,2,-2.06237,-3832.02,2.9713,0.616813,0.249444
17100000,2,-0.201053,-3841.56,1.04674,0.607408,0.225336
17150000,3,-0.81499,-3831.24,2.17171,0.589356,0.2328
17200000,2,-0.88712,-3833.5,1.74946,0.616277,0.242
17250000,2,-0.655686,-3835.65,1.60393,0.608544,0.2502
17300000,2,-1.29766,-3832.98,2.16886,0.599172,0.250311
17350000,2,-0.122793,-3833.8,1.06801,0.621621,0.2393
17400000,2,-0.0536851,-3838.83,0.850103,0.612567,0.256267
17450000,2,-3.91315,-3833.96,4.86731,0.598631,0.2579
17500000,3,-1.90962,-3833.98,3.02735,0.609133,0.23185
17550000,2,0.590654,-3835.24,0.329012,0.613497,0.2384
17600000,2,-0.100111,-3833.6,1.02829,0.602206,0.2422
17650000,2,-2.57245,-3844.13,3.20591,0.60143,0.233025
17700000,3,-0.974608,-3834.03,1.40161,0.596443,0.2361
17750000,1,-1.07597,-3848.58,1.38034,0.582309,0.2077
17800000,2,-0.880314,-3832.83,1.78329,0.610759,0.237125
17850000,1,-0.701915,-3850.71,0.987528,0.642276,0.226575
17900000,2,-0.191316,-3832.78,1.03191,0.595883,0.235
17950000,1,0.259916,-3845.99,0.135275,0.592844,0.21485
18000000,2,-0.618372,-3833.16,1.44656,0.610795,0.249667
18050000,2,-1.933,-3835.79,2.77539,0.587273,0.24735
18100000,2,0.0173789,-3832.34,0.91133,0.60151,0.250367
18150000,2,-0.0822401,-3831.9,0.991476,0.594037,0.2344
18200000,3,-3.70121,-3829.06,4.96978,0.617145,0.2306
18250000,2,0.372548,-3832.26,0.542677,0.617476,0.2364
18300000,2,-1.20464,-3833.55,2.16389,0.625088,0.235811
18350000,2,-0.864304,-3832.93,1.76978,0.608644,0.2399
18400000,2,0.0949943,-3832.7,0.821971,0.61997,0.243378
18450000,3,-1.26313,-3832.38,2.38454,0.600074,0.2464
18500000,3,-0.637326,-3833.1,0.859947,0.591416,0.2489
18550000,2,-0.357802,-3839.09,1.0927,0.619281,0.2439
18600000,2,-1.72999,-3841.47,1.80245,0.635158,0.2132
18650000,2,-1.96914,-3833.63,2.86093,0.61509,0.242067
18700000,2,-2.11263,-3833.64,3.04879,0.627399,0.2343
18750000,3,-1.52245,-3829.84,2.42838,0.604942,0.236
18800000,1,-0.272209,-3844.2,0.640314,0.60665,0.2106
18850000,2,-0.259205,-3835.27,1.17894,0.635436,0.242172
18900000,4,-2.41503,-3835.59,1.10886,0.603509,0.23845
18950000,2,-1.31727,-3835.78,2.16803,0.592032,0.23645
19000000,2,-0.952903,-3834.86,1.83767,0.638452,0.2355
19050000,1,-0.817419,-3843.79,1.20371,0.604735,0.2131
19100000,2,-0.302617,-3832.34,1.13442,0.601388,0.23635
19150000,3,-3.71322,-3834.88,4.79391,0.604341,0.2321
19200000,3,-0.668623,-3832.79,1.69546,0.591396,0.2457
19250000,3,-1.44205,-3831.02,1.78009,0.598029,0.2388
19300000,3,-2.4117,-3832.76,3.96748,0.606039,0.221011
19350000,3,-1.92695,-3838.05,1.68711,0.668298,0.24425
19400000,2,-0.257505,-3833.06,1.19084,0.616742,0.24475
19450000,2,-2.17922,-3842.98,2.93532,0.634456,0.2185
19500000,2,-0.596469,-3834.04,1.412,0.606246,0.2371
19550000,3,-1.05118,-3835.28,2.19855,0.58261,0.2406
19600000,1,0.283092,-3847.43,0.149225,0.621299,0.2147
19650000,1,-0.455351,-3844.06,0.798273,0.612438,0.21442
19700000,2,0.315222,-3836.43,0.53688,0.634924,0.237367
19750000,2,0.470475,-3837.24,0.3954,0.619118,0.240625
19800000,2,-1.77428,-3835.19,2.73517,0.605884,0.2435
19850000,2,-0.230107,-3833.18,1.21643,0.633152,0.2382
19900000,3,-1.27109,-3832.15,2.33911,0.604535,0.2288
19950000,2,0.0562145,-3834.15,0.863323,0.650643,0.2455
20000000,3,-1.74973,-3833.33,2.91119,0.617266,0.2363
20050000,2,0.290145,-3833.07,0.656477,0.60977,0.2374
20100000,3,-0.141089,-3833.77,1.05038,0.611079,0.238033
20150000,2,-2.38999,-3831.62,3.35499,0.598188,0.2424
20200000,2,0.381946,-3833.66,0.633548,0.612721,0.244114
20250000,2,-0.582503,-3835.57,1.45553,0.603544,0.2337
20300000,2,0.0750446,-3833.99,0.818769,0.632399,0.2468
20350000,2,-0.188877,-3832.44,1.07753,0.607842,0.246575
20400000,2,-1.28924,-3842.25,2.10884,0.635282,0.219271
20450000,1,-1.19144,-3846.29,1.59299,0.644112,0.241975
20500000,1,-0.118405,-3851.39,0.505596,0.634222,0.256192
20550000,1,0.339162,-3844.48,0.0356514,0.612546,0.21425
20600000,3,-2.92089,-3832.72,2.85592,0.637676,0.2306
20650000,2,-1.02157,-3833.22,1.93837,0.61084,0.2338
20700000,2,-0.514677,-3833.14,1.41835,0.626593,0.2324
20750000,2,-0.698069,-3834.13,1.54914,0.618122,0.2428
20800000,2,0.286779,-3832.54,0.671515,0.620854,0.2446
20850000,3,-2.13126,-3844.99,2.99138,0.616436,0.2323
20900000,1,-0.380058,-3845.25,0.757371,0.608769,0.2087
20950000,2,0.635206,-3835.31,0.33325,0.600495,0.2471
21000000,2,0.39728,-3834.27,0.405072,0.615963,0.23645
21050000,1,-0.0394459,-3844.72,0.441961,0.608631,0.22005
21100000,1,0.179171,-3845.4,0.171464,0.60949,0.215914
21150000,2,-0.734031,-3834.31,1.55922,0.58706,0.2325
21200000,3,-0.958757,-3833.04,1.73638,0.605832,0.2422
21250000,1,-0.205269,-3847.54,0.565753,0.620708,0.2234
21300000,1,-0.794164,-3849.45,1.31873,0.591332,0.2528
21350000,2,-0.0865938,-3836.2,0.977406,0.598229,0.247433
21400000,3,0.00474856,-3843.37,0.688654,0.633147,0.2351
21450000,3,-1.45926,-3834.03,2.51938,0.611511,0.248533
21500000,2,0.424928,-3833.89,0.591592,0.595218,0.24565
21550000,2,-0.418623,-3835.78,1.30758,0.582426,0.2511
21600000,3,-1.53601,-3829.66,2.83666,0.590651,0.2418
21650000,2,0.166207,-3834.08,0.708713,0.633375,0.2445
21700000,2,-0.360399,-3834.01,1.16048,0.582467,0.244
21750000,2,-0.430917,-3831.25,1.31685,0.620793,0.2432
21800000,2,-0.975404,-3843.23,1.31369,0.600435,0.22505
21850000,1,-0.388509,-3844.42,0.771779,0.611549,0.2125
21900000,1,-0.545767,-3843.75,0.919781,0.604719,0.2109
21950000,1,-0.530301,-3845.69,0.880924,0.604009,0.21335
22000000,2,-1.04467,-3842.22,1.50298,0.588932,0.233
22050000,3,-0.595881,-3834.51,1.93791,0.613419,0.2457
22100000,2,-0.551498,-3836.55,1.31474,0.58456,0.24785
22150000,3,0.283863,-3833.91,1.04957,0.628132,0.24455
22200000,2,-1.18541,-3833.65,2.08476,0.62692,0.2383
22250000,3,-2.0357,-3836.7,2.25568,0.560022,0.2349
22300000,2,-0.0152794,-3832.6,0.987193,0.608396,0.2305
22350000,3,-1.38324,-3828.46,2.62148,0.605207,0.24995
22400000,2,-0.0080786,-3835.58,0.849489,0.635614,0.2492
22450000,3,-1.94272,-3841.85,2.29921,0.607609,0.24135
22500000,2,-0.747359,-3832.89,1.66073,0.599417,0.2429
22550000,2,-0.377704,-3836.04,1.26543,0.578848,0.23835
22600000,2,-2.69495,-3832.94,3.63403,0.613443,0.2475
22650000,3,-0.74411,-3833.8,1.81123,0.610366,0.246833
22700000,2,-0.609525,-3831.37,1.56856,0.608031,0.2289
22750000,2,-0.660768,-3833.38,1.61393,0.634943,0.250971
22800000,2,-2.76832,-3834.48,3.65044,0.579882,0.24885
22850000,2,0.251217,-3833.27,0.655927,0.627299,0.2317
22900000,2,-1.11553,-3836.71,2.06969,0.616282,0.24508
22950000,3,-1.90956,-3830.38,3.27141,0.61965,0.24915
23000000,2,-0.251992,-3831.44,1.16616,0.601573,0.244
23050000,2,-1.44511,-3833.06,2.3627,0.602416,0.236033
23100000,2,-1.68104,-3833.04,2.58276,0.620275,0.23085
23150000,2,0.0031174,-3835.13,0.930308,0.597957,0.2466
23200000,2,-0.701858,-3832.83,1.64339,0.594179,0.2403
23250000,1,-1.65202,-3846.66,2.039,0.591738,0.218988
23300000,2,-0.0991271,-3833.07,1.02063,0.59055,0.244
23350000,2,0.14327,-3835.52,0.653499,0.59245,0.24934
23400000,4,-1.72228,-3833.57,2.82994,0.619745,0.2402
23450000,2,0.115075,-3837.91,0.849486,0.592063,0.2382
23500000,2,-1.04409,-3837.69,1.9822,0.561755,0.23935
23550000,2,-0.635984,-3834.21,1.61547,0.609312,0.244475
23600000,2,-0.76099,-3836.12,1.6795,0.654581,0.2419
23650000,2,0.316478,-3838.83,0.65598,0.580076,0.2421
23700000,2,-1.0349,-3834.63,1.9972,0.639513,0.2295
23750000,2,0.064116,-3832.56,0.760889,0.599515,0.2369
23800000,3,-1.69365,-3833.79,2.08939,0.644006,0.238
23850000,2,-0.746496,-3833.29,1.62478,0.593381,0.2435
23900000,2,0.16746,-3832.14,0.787619,0.597104,0.2468
23950000,2,-0.49717,-3832.53,1.38826,0.601404,0.257438
24000000,2,-0.516135,-3833.2,1.39693,0.612543,0.2434
24050000,1,-0.661165,-3846.33,0.992861,0.617746,0.214725
24100000,3,-2.34404,-3842.03,3.1861,0.606124,0.230882
24150000,1,-2.56993,-3847.53,2.96705,0.601225,0.212367
24200000,1,-0.983052,-3847.45,1.41588,0.591604,0.244
24250000,2,-0.746432,-3832.64,1.56221,0.601767,0.2401
24300000,2,-0.626855,-3834.92,1.61373,0.626682,0.2499
24350000,2,-0.500931,-3846.62,1.32243,0.602829,0.2359
24400000,2,-0.547104,-3833.84,1.47093,0.624863,0.2338
24450000,2,-1.47212,-3831.09,2.39448,0.61378,0.242225
24500000,2,0.4832,-3833.87,0.390562,0.582473,0.24255
24550000,2,0.0725528,-3838.24,0.784212,0.594435,0.2302
24600000,2,-0.437272,-3833.16,1.24508,0.610337,0.245067
24650000,2,-0.0842967,-3835.38,1.08525,0.633055,0.2409
24700000,4,-0.471156,-3830.35,1.76236,0.591389,0.2486
24750000,2,-2.48586,-3831.53,3.35714,0.60228,0.232
24800000,2,0.550861,-3832.73,0.389279,0.599441,0.2417
24850000,3,-2.55204,-3832.16,1.36805,0.628098,0.2521
24900000,2,0.193471,-3835.72,0.699571,0.614292,0.24144
24950000,2,-0.0776846,-3832.65,0.917591,0.596053,0.236533
25000000,3,-1.85193,-3831.16,2.06794,0.606457,0.2514
25050000,3,0.130677,-3833.75,0.761436,0.596287,0.2376
25100000,2,-0.366266,-3835.83,1.41417,0.617103,0.2423
25150000,2,-0.0495807,-3834.43,0.936019,0.594738,0.24424
25200000,1,-0.839935,-3848.49,1.27039,0.621263,0.263314
25250000,2,0.58431,-3832.98,0.302209,0.624984,0.2463
25300000,2,-0.450878,-3833.72,1.31344,0.598555,0.2425
25350000,2,-1.62906,-3834.26,2.4625,0.605828,0.2363
25400000,4,-0.933759,-3834.33,1.07953,0.61433,0.2522
25450000,2,0.0255895,-3833.49,0.943942,0.597237,0.2338
25500000,2,-1.84535,-3833.22,2.82009,0.594554,0.24345
25550000,1,-0.508237,-3845.38,0.924187,0.623314,0.2294
25600000,1,0.116613,-3846.36,0.255876,0.599867,0.2185
25650000,2,0.234696,-3835.23,0.761551,0.591332,0.2366
25700000,1,-2.55316,-3845.42,2.94622,0.622471,0.216473
25750000,2,-0.865954,-3834.66,1.80663,0.629327,0.22128
25800000,1,-0.831136,-3844.22,1.22776,0.608682,0.218617
25850000,1,-1.64871,-3846.33,2.04562,0.619451,0.21334
25900000,1,0.0915995,-3846.21,0.248614,0.621837,0.212433
25950000,1,-0.80228,-3845.6,1.19335,0.631609,0.2059
26000000,2,0.261247,-3836.34,0.683323,0.619175,0.2344
26050000,3,-1.40455,-3833.15,2.59557,0.582296,0.2362
26100000,2,-0.772519,-3834.42,1.52173,0.6035,0.2284
26150000,2,-1.3031,-3845.18,2.16503,0.66572,0.2378
26200000,4,0.112151,-3830.91,0.757204,0.625659,0.2339
26250000,3,-1.63533,-3837.03,2.13357,0.611263,0.2364
26300000,2,-0.442151,-3835.77,1.26887,0.618489,0.2281
26350000,3,0.0143359,-3831.2,0.473292,0.616428,0.224389
26400000,2,-0.05503,-3831.74,1.01966,0.607364,0.24885
26450000,2,-0.193057,-3831.95,1.15002,0.597805,0.2379
26500000,2,-1.04935,-3836.44,2.01243,0.605904,0.23755
26550000,2,-1.69651,-3832.91,2.56921,0.596341,0.24234
26600000,2,-0.46637,-3837.81,1.3923,0.634527,0.24295
26650000,2,-0.874134,-3833.09,1.84226,0.622981,0.2294
26700000,2,-0.0736283,-3835.16,1.00056,0.629816,0.2337
26750000,3,-0.629404,-3833.01,1.92582,0.597523,0.235434
26800000,2,-0.32346,-3834.58,1.21526,0.608629,0.235367
26850000,2,-0.426567,-3833.62,1.28814,0.64288,0.23445
26900000,3,-1.46151,-3835.29,2.29632,0.608061,0.226667
26950000,2,0.547859,-3835.76,0.357616,0.602703,0.247
27000000,2,0.384319,-3835.95,0.411642,0.579782,0.2306
27050000,2,-1.13394,-3835.24,1.93987,0.581815,0.2305
27100000,2,-0.41604,-3831.81,1.34512,0.604043,0.2457
27150000,3,-0.290525,-3834.07,1.34297,0.625714,0.2445
27200000,2,-0.0592638,-3834.39,0.951397,0.622889,0.2365
27250000,3,-1.76308,-3837.98,3.15792,0.606865,0.250725
27300000,2,-0.8487,-3832.19,1.72924,0.60339,0.242117
27350000,2,-0.173314,-3839.75,0.954213,0.608153,0.2432
27400000,3,-0.213502,-3834.96,1.3855,0.645105,0.246085
27450000,2,-1.25974,-3834.03,2.15053,0.59017,0.23025
27500000,2,-1.00855,-3832.08,1.89271,0.60634,0.2455
27550000,3,-2.72802,-3831.49,2.23165,0.597149,0.2455
27600000,2,0.570485,-3832.62,0.275038,0.594454,0.24825
27650000,2,-1.12994,-3836.96,1.97718,0.615584,0.242267
27700000,2,-0.464128,-3832.61,1.30168,0.594021,0.2382
27750000,2,-0.62867,-3835.59,1.63239,0.5821,0.2421
27800000,2,-0.147823,-3836.37,1.00468,0.63266,0.2398
27850000,2,-0.839098,-3834.45,1.72787,0.610278,0.232609
27900000,1,0.257477,-3848.99,0.232131,0.636669,0.241806
27950000,2,0.189955,-3834.63,0.797161,0.605995,0.24096
28000000,2,0.589701,-3832.95,0.435344,0.608967,0.23665
28050000,2,0.643579,-3835.77,0.305572,0.650286,0.2487
28100000,2,-0.814986,-3832.53,1.71069,0.594794,0.2393
28150000,2,-0.0971153,-3832.7,1.02941,0.617861,0.233633
28200000,2,-0.18135,-3834.41,1.14645,0.646817,0.2328
28250000,1,-0.364058,-3845.29,0.69958,0.600394,0.228637
28300000,2,-0.771242,-3832.63,1.67888,0.619817,0.2425
28350000,2,-1.17895,-3835.76,2.03414,0.612177,0.2273
28400000,2,-0.550399,-3848.81,1.10077,0.588045,0.23685
28450000,2,0.500212,-3832.88,0.40834,0.614706,0.235967
28500000,3,-1.13787,-3839.32,1.14238,0.577827,0.2434
28550000,2,-0.506879,-3834.41,1.44411,0.598591,0.244514
28600000,2,-1.28645,-3834.28,2.05603,0.62422,0.2466
28650000,2,0.264778,-3833.05,0.652398,0.591434,0.2386
28700000,2,-2.41648,-3832.69,3.24523,0.607985,0.24185
28750000,2,-0.488798,-3835.68,1.4826,0.614339,0.242
28800000,2,-0.61976,-3834.96,1.52487,0.610221,0.245
28850000,2,-0.825005,-3835.22,1.72137,0.612086,0.2377
28900000,2,-0.654252,-3834.75,1.59925,0.6234,0.2358
28950000,2,0.220498,-3833.72,0.661325,0.620177,0.242782
29000000,2,-1.0188,-3841.53,1.69718,0.594164,0.229517
29050000,2,0.0098858,-3830.95,0.876088,0.605105,0.2294
29100000,2,-1.4621,-3831.2,2.37065,0.59651,0.239
29150000,2,0.125493,-3833.6,0.762163,0.600395,0.24585
29200000,2,0.221168,-3837.17,0.654007,0.602416,0.2406
29250000,2,-0.918825,-3838.25,1.69675,0.614454,0.243833
29300000,3,-0.643779,-3833.51,1.2054,0.634041,0.2373
29350000,2,-1.27511,-3837.26,2.14819,0.650986,0.2408
29400000,2,0.0511265,-3831.89,0.835166,0.613305,0.2419
29450000,3,-0.507979,-3833.18,1.52245,0.605561,0.2321
29500000,2,0.555407,-3834.48,0.437492,0.605143,0.239675
29550000,2,-0.334342,-3833.2,1.16472,0.591594,0.25064
29600000,2,-0.588432,-3833.5,1.37999,0.609288,0.2547
29650000,2,0.0856347,-3832.49,0.830167,0.585317,0.247967
29700000,3,-0.0717392,-3834.54,1.25795,0.597072,0.2459
29750000,2,0.11141,-3837.04,0.781358,0.633799,0.24845
29800000,2,0.0104649,-3842.97,0.689763,0.609112,0.217067
29850000,1,-0.642748,-3845.84,1.02933,0.615,0.21
29900000,1,-0.832687,-3847.81,1.29492,0.604856,0.2311
29950000,2,-1.61745,-3846.49,2.12959,0.591359,0.21275
30000000,1,-0.761093,-3845.59,1.17326,0.607996,0.2128
30050000,3,-1.40816,-3834.45,1.20213,0.612601,0.235
30100000,2,-0.319343,-3839.71,1.28316,0.619011,0.2391
30150000,2,-1.50642,-3836.55,2.43355,0.584715,0.2441
30200000,2,0.152002,-3833.13,0.811043,0.605103,0.2289
30250000,2,-0.602316,-3832.81,1.57987,0.617173,0.2371
30300000,1,-0.0360182,-3847.37,0.328247,0.609617,0.207525
30350000,2,-0.0350161,-3834.12,0.919826,0.598615,0.2363
30400000,2,-1.03252,-3834.36,2.00793,0.60712,0.24315
30450000,2,-0.248749,-3831.81,1.17018,0.625129,0.23015
30500000,1,-0.0270523,-3846.34,0.377102,0.59715,0.2189
30550000,1,-0.212088,-3844.12,0.571524,0.600603,0.213918
30600000,2,-0.214657,-3833.28,1.05841,0.600819,0.2283
30650000,3,-1.30372,-3838.48,1.67742,0.612851,0.2371
30700000,2,-2.18618,-3834.46,3.02879,0.627786,0.234675
30750000,2,-0.317011,-3832.16,1.26289,0.612307,0.24545
30800000,2,-0.707411,-3837.91,1.48332,0.61928,0.2375
30850000,2,0.612978,-3834.68,0.225332,0.611928,0.2428
30900000,2,-0.0574677,-3833.65,0.914309,0.588937,0.2401
30950000,2,-1.91182,-3838.49,2.83183,0.626507,0.243767
31000000,2,-0.0341659,-3834.41,0.956376,0.587957,0.249
31050000,2,-1.37093,-3832.81,2.25034,0.586173,0.2394
31100000,2,-0.410542,-3837.96,1.20925,0.605139,0.245312
31150000,2,-2.13502,-3832.78,3.08832,0.616088,0.2418
31200000,2,0.363067,-3832.94,0.513657,0.615064,0.230767
31250000,1,-1.67682,-3845.72,2.00685,0.623379,0.219533
31300000,4,-3.24653,-3834.42,1.69982,0.589945,0.2287
31350000,2,-1.45534,-3834.49,2.27153,0.624335,0.245
31400000,2,-0.125951,-3831.92,1.09829,0.613331,0.247393
31450000,2,-0.379531,-3834.23,1.28123,0.620437,0.242
31500000,2,-0.981235,-3833.03,1.82491,0.611955,0.2305
31550000,1,-0.702431,-3845.5,1.09043,0.602771,0.21005
31600000,2,-0.300963,-3836.92,1.16702,0.583718,0.2527
31650000,3,-0.167027,-3836.29,1.09697,0.580787,0.245433
31700000,2,-0.157017,-3839.46,0.996722,0.61207,0.234414
31750000,2,0.0672862,-3834.13,0.88914,0.590192,0.2437
31800000,1,0.241573,-3848.08,0.174087,0.634489,0.21975
31850000,4,-0.355887,-3831.47,1.00151,0.623618,0.2411
31900000,3,-2.71105,-3830.61,2.44363,0.586812,0.2222
31950000,4,-1.7577,-3837.32,2.7248,0.590987,0.2438
32000000,2,-0.283534,-3832.12,1.18123,0.612942,0.24384
32050000,2,0.474648,-3834.61,0.461605,0.60291,0.2447
32100000,2,-1.36333,-3831.11,2.26506,0.608727,0.251733
32150000,2,-0.444313,-3834.7,1.33471,0.566343,0.24165
32200000,2,-1.25618,-3835.25,2.15183,0.616186,0.2388
32250000,2,-0.227745,-3835.76,1.03834,0.617011,0.228
32300000,2,-0.289692,-3832.51,1.23128,0.608927,0.250164
32350000,4,0.378023,-3829.33,0.923823,0.615373,0.25085
32400000,2,0.0352566,-3831.38,0.879789,0.606702,0.249492
32450000,1,-1.37876,-3844.46,1.74266,0.608779,0.223625
32500000,2,-0.461896,-3836.87,1.37621,0.603458,0.237375
32550000,2,-0.530192,-3835.24,1.37639,0.592902,0.2498
32600000,2,0.934111,-3834.45,0.0904503,0.60647,0.241975
32650000,2,-1.50194,-3833.76,2.45434,0.598971,0.24876
32700000,2,0.468575,-3832.13,0.443681,0.613599,0.2335
32750000,2,0.0623085,-3834.5,0.833586,0.615818,0.24585
32800000,2,-1.08999,-3835.52,1.98578,0.599114,0.2524
32850000,2,-0.747634,-3832.14,1.62376,0.587698,0.242714
32900000,2,-0.183092,-3833.66,1.13723,0.581898,0.2411
32950000,2,0.40353,-3831.2,0.481826,0.605882,0.23485
33000000,2,-0.772956,-3834.09,1.55952,0.604899,0.2491
33050000,2,-1.63363,-3831.78,2.53858,0.595748,0.248033
33100000,3,-0.892598,-3832.57,2.19061,0.606501,0.2505
33150000,1,-0.837797,-3847.34,1.20714,0.606254,0.220975
33200000,2,0.666842,-3836.05,0.269626,0.603563,0.2318
33250000,3,-2.5987,-3835.32,3.39646,0.597411,0.2387
33300000,1,-0.30706,-3847.29,0.74122,0.596118,0.22382
33350000,3,-0.411207,-3833.51,0.630603,0.593556,0.2387
33400000,2,-0.08155,-3831.78,1.03465,0.596669,0.2313
33450000,2,0.205894,-3837.83,0.799682,0.617771,0.239533
33500000,1,0.194716,-3848.44,0.287359,0.615195,0.2619
33550000,2,-0.923011,-3832.52,1.84989,0.618435,0.25058
33600000,1,0.173182,-3846.36,0.24264,0.612585,0.2144
33650000,3,-0.666139,-3833.58,1.76097,0.626384,0.24
33700000,2,-0.144488,-3833.41,1.06818,0.598988,0.2321
33750000,2,-0.184434,-3834.11,1.12663,0.57507,0.23685
33800000,2,-1.50235,-3832.93,2.32117,0.623518,0.242467
33850000,1,-0.86939,-3847.99,1.15832,0.609191,0.2312
33900000,2,-1.87354,-3832.32,2.73596,0.620807,0.2264
33950000,2,-0.24304,-3833.62,1.12985,0.608296,0.247533
34000000,2,-0.236268,-3836.22,1.22912,0.607162,0.23285
34050000,2,-0.598396,-3833.81,1.55305,0.589905,0.2487
34100000,3,-3.59629,-3828.39,4.46524,0.607017,0.221832
34150000,2,-1.95596,-3833.81,2.81689,0.620745,0.232106
34200000,3,-1.54563,-3833.5,2.34471,0.590051,0.2452
34250000,2,-1.99249,-3832.46,2.85533,0.626872,0.24915
34300000,3,-0.811365,-3834.35,1.31524,0.595001,0.24205
34350000,2,-0.787821,-3834.01,1.8048,0.626377,0.25125
34400000,2,-1.83925,-3833.11,2.74682,0.637645,0.2375
34450000,3,0.598793,-3831.9,0.490327,0.642139,0.247914
34500000,3,-1.09332,-3835.51,1.31246,0.591785,0.248657
34550000,1,-0.727176,-3848.02,1.12643,0.623634,0.220835
34600000,2,-0.147533,-3834.69,0.982652,0.598284,0.239682
34650000,2,-0.503556,-3836.08,1.32352,0.595882,0.2368
34700000,2,-0.0837146,-3832.66,0.902323,0.609419,0.2313
34750000,2,0.707274,-3832.88,0.234616,0.616625,0.2423
34800000,2,-1.54799,-3841.51,2.36876,0.616919,0.2429
34850000,2,-1.4118,-3836.3,2.3807,0.586022,0.2357
34900000,2,-1.24971,-3840.45,2.12154,0.606683,0.239282
34950000,2,-1.31224,-3836.81,2.23159,0.608954,0.2418
35000000,2,-1.68136,-3831.87,2.62282,0.595961,0.248675
35050000,2,-0.164752,-3835.87,1.05187,0.631692,0.251167
35100000,2,0.193505,-3831.43,0.701838,0.605457,0.245233
35150000,2,-0.0995633,-3840.16,0.943125,0.623335,0.2411
35200000,2,0.438326,-3833.18,0.408841,0.603615,0.2433
35250000,2,-0.657724,-3832.83,1.56274,0.607374,0.238
35300000,2,0.707632,-3832.17,0.19204,0.590223,0.24255
35350000,2,0.130966,-3832.71,0.825616,0.601738,0.2266
35400000,2,0.15674,-3834.97,0.749463,0.591651,0.2277
35450000,2,-1.16885,-3837.26,1.98827,0.614316,0.2406
35500000,3,-3.64752,-3838.2,2.82328,0.649007,0.2453
35550000,2,-0.463894,-3841.43,1.37123,0.585127,0.2287
35600000,2,0.0185674,-3832.74,0.876967,0.592709,0.2357
35650000,3,-0.724123,-3835.02,2.04756,0.605613,0.2432
35700000,3,-3.5925,-3837.5,3.63736,0.589986,0.2333
35750000,2,0.17164,-3832,0.672844,0.606606,0.2417
35800000,2,-2.35418,-3832.72,3.26419,0.586404,0.2445
35850000,2,-0.344065,-3835.11,1.1767,0.617321,0.2317
35900000,2,-1.11486,-3832.88,2.00463,0.61245,0.2368
35950000,2,0.36361,-3832.16,0.494956,0.596061,0.236
36000000,2,-0.624559,-3836.24,1.60095,0.609971,0.262656
36050000,2,-0.834681,-3836.36,1.65015,0.562323,0.264892
36100000,2,-1.07786,-3833.25,2.07385,0.612085,0.2372
36150000,4,-1.33892,-3831.27,2.54353,0.593955,0.242057
36200000,2,-0.951488,-3834.45,1.74364,0.609446,0.2366
36250000,1,-0.472606,-3845.92,0.826818,0.612256,0.2233
36300000,2,0.0218445,-3837.86,0.715803,0.611611,0.2367
36350000,2,-0.420073,-3835.58,1.35281,0.598145,0.236
36400000,1,-0.706258,-3845,1.0862,0.620154,0.239675
36450000,2,-0.24866,-3834.81,1.09695,0.601299,0.2225
36500000,2,-3.78082,-3846.64,3.80639,0.601125,0.222812
36550000,1,0.164473,-3846.42,0.200196,0.607325,0.218683
36600000,2,-0.216407,-3835.24,1.0783,0.647158,0.2227
36650000,1,0.335822,-3848.64,0.1643,0.608478,0.2668
36700000,2,-1.74849,-3831.77,2.69273,0.623962,0.26298
36750000,2,0.536164,-3831.6,0.422088,0.619081,0.24366
36800000,1,-0.0612604,-3845.18,0.413711,0.593652,0.220264
36850000,2,-2.02272,-3834.62,2.99011,0.578963,0.240633
36900000,2,-1.50379,-3834.04,2.47577,0.605705,0.24845
36950000,2,-1.54435,-3836.12,2.38675,0.604672,0.24285
37000000,2,-0.879581,-3834.37,1.8255,0.594085,0.2459
37050000,2,-0.300666,-3835.24,1.25517,0.598248,0.23545
37100000,2,-0.382332,-3832,1.31469,0.614689,0.2445
37150000,2,-3.05357,-3831.73,3.93341,0.610304,0.243867
37200000,2,0.292481,-3835.59,0.63202,0.591952,0.232767
37250000,2,-0.360762,-3833.32,1.14344,0.608135,0.243309
37300000,2,-0.39395,-3835.49,1.36886,0.582156,0.241
37350000,3,-1.81789,-3833.15,1.81498,0.595682,0.2294
37400000,2,-1.26623,-3833.88,2.29841,0.624352,0.2422
37450000,2,0.337019,-3832.84,0.580446,0.60892,0.23415
37500000,2,-1.00393,-3832.96,1.88999,0.612562,0.2328
37550000,3,-1.4467,-3833.03,2.19253,0.594574,0.228204
37600000,2,0.0763051,-3836.59,0.986478,0.629825,0.2373
37650000,2,-1.56666,-3832.19,2.52439,0.607439,0.2319
37700000,1,0.12141,-3844.74,0.269957,0.596534,0.236381
37750000,1,-1.00426,-3846.59,1.41594,0.610471,0.21625
37800000,1,-0.288453,-3844.76,0.620919,0.600217,0.2057
37850000,1,0.0250413,-3844.18,0.366272,0.595652,0.2139
37900000,2,-1.4576,-3832.21,2.43714,0.594982,0.234558
37950000,2,-2.2642,-3832.97,3.14024,0.58651,0.245867
38000000,2,-0.361695,-3837.54,1.10435,0.601498,0.248917
38050000,2,0.438682,-3834.5,0.413622,0.573458,0.24518
38100000,2,0.229849,-3831.96,0.684379,0.618651,0.2468
38150000,2,-0.56012,-3832.03,1.4571,0.602283,0.2386
38200000,2,-0.815296,-3834.79,1.75842,0.573002,0.2362
38250000,2,-0.605455,-3833.97,1.4454,0.601753,0.2408
38300000,3,-0.590235,-3835.4,1.70993,0.609801,0.2442
38350000,1,0.294101,-3847.25,0.123719,0.592482,0.21932
38400000,2,-0.784208,-3842.41,1.20631,0.625546,0.216267
38450000,1,-0.407301,-3851.79,0.712216,0.620241,0.21392
38500000,2,-0.22737,-3835.73,1.14391,0.621004,0.246875
38550000,2,0.465346,-3833.24,0.449635,0.605271,0.24765
38600000,2,-1.50198,-3836.2,2.42688,0.606468,0.2348
38650000,3,-1.85537,-3835.82,2.72616,0.602432,0.2365
38700000,2,-0.590398,-3833.88,1.47867,0.606248,0.2584
38750000,2,-0.253157,-3837.42,1.01356,0.595663,0.24335
38800000,2,-0.434919,-3835.92,1.26205,0.604534,0.2455
38850000,1,-3.91488,-3851.36,4.39428,0.626869,0.228
38900000,2,-0.994398,-3833.17,1.84061,0.605107,0.23565
38950000,2,-0.712388,-3834.46,1.63815,0.617684,0.24925
39000000,2,-0.256511,-3834.03,1.13052,0.593714,0.2518
39050000,2,-1.07825,-3832.58,1.90167,0.596483,0.2338
39100000,3,-2.59573,-3834.19,3.84266,0.634429,0.241467
39150000,2,-0.864529,-3837.67,1.60623,0.59406,0.2393
39200000,2,0.1636,-3834.15,0.670744,0.618384,0.2353
39250000,2,-1.73906,-3833.2,2.52788,0.609743,0.245589
39300000,2,-0.187892,-3835.69,1.17804,0.589155,0.2415
39350000,2,0.0803338,-3835.34,0.814891,0.604389,0.248075
39400000,2,-0.343896,-3835.42,1.14184,0.614562,0.2305
39450000,2,-0.489463,-3842.41,0.519436,0.606164,0.226
39500000,2,0.465408,-3832.25,0.483745,0.590601,0.22905
39550000,3,-0.68655,-3833.42,1.12036,0.60526,0.2438
39600000,2,-2.64803,-3832.18,3.5496,0.612715,0.2333
39650000,2,0.0740701,-3832.61,0.87037,0.583205,0.2442
39700000,2,-0.788924,-3835.57,1.6803,0.621076,0.25455
39750000,3,-2.32953,-3838.1,2.60493,0.624274,0.241183
39800000,2,-0.652426,-3833.03,1.5846,0.620443,0.2399
39850000,2,0.092509,-3834.15,0.855501,0.62807,0.24
39900000,3,-0.385225,-3829.47,1.34446,0.622182,0.23
39950000,2,-2.33575,-3833.43,3.20987,0.616537,0.240677
40000000,2,-2.22633,-3834.13,3.21181,0.624764,0.2406
40050000,2,0.340032,-3832.23,0.60606,0.623265,0.2543
40100000,2,-2.44845,-3832.18,3.31438,0.608107,0.2357
40150000,2,-1.21345,-3834.94,2.07325,0.579858,0.2363
40200000,3,-1.23354,-3833.69,2.10933,0.60329,0.2401
40250000,3,-0.820507,-3830.28,2.15899,0.61041,0.24418
40300000,2,-2.8583,-3835.84,3.85064,0.621035,0.2495
40350000,2,0.113295,-3833.06,0.749868,0.603708,0.247237
40400000,2,-1.69344,-3838.14,2.62286,0.648556,0.23884
40450000,1,-1.9839,-3847.74,2.33726,0.637849,0.218367
40500000,2,-1.94971,-3844.52,0.658433,0.598971,0.214175
40550000,1,-1.13979,-3847.15,1.5461,0.581787,0.215625
40600000,2,-1.25846,-3840.71,1.36814,0.622678,0.217967
40650000,2,-1.73067,-3833.83,2.58546,0.621172,0.2398
40700000,2,-0.311243,-3832.27,1.22685,0.610581,0.2402
40750000,1,-0.406093,-3844.91,0.798642,0.608786,0.2187
40800000,1,-0.531023,-3844.58,0.921043,0.602259,0.225167
40850000,2,0.516947,-3831.8,0.434099,0.592676,0.235367
40900000,2,-0.991406,-3832.85,1.88012,0.598847,0.2371
40950000,2,-0.0553497,-3834.3,0.954663,0.61732,0.237
41000000,2,-0.271946,-3836.9,1.03004,0.619621,0.2421
41050000,2,-0.325519,-3834.07,1.20591,0.594171,0.245
41100000,2,-0.234372,-3832.37,1.15429,0.616649,0.2338
41150000,2,-0.159312,-3837.85,0.905459,0.622395,0.2383
41200000,2,0.61547,-3832.83,0.35608,0.603073,0.242967
41250000,2,-0.423939,-3831.7,1.34327,0.603496,0.2376
41300000,2,-1.00003,-3835.74,1.85893,0.619523,0.251767
41350000,2,0.503704,-3836.64,0.366575,0.635428,0.2362
41400000,2,-0.279622,-3832.65,1.14582,0.623387,0.231478
41450000,2,-2.45873,-3834.33,3.43505,0.633763,0.2368
41500000,2,-0.617561,-3834.46,1.63109,0.607515,0.2366
41550000,2,-0.677527,-3836.7,1.59253,0.626085,0.250133
41600000,2,-0.52459,-3832.69,1.43408,0.605107,0.2433
41650000,2,-1.32717,-3852.07,0.971357,0.589247,0.2586
41700000,1,-0.102584,-3843.66,0.479722,0.60531,0.216
41750000,1,-0.729086,-3850.01,1.10023,0.666312,0.217771
41800000,1,-0.228636,-3844.16,0.5708,0.603478,0.239833
41850000,1,-0.712572,-3847.43,1.02781,0.62298,0.2089
41900000,1,-0.235685,-3844.55,0.640187,0.608239,0.215
41950000,1,0.242281,-3846.53,0.163084,0.594659,0.21208
42000000,3,-1.2051,-3840.27,2.08035,0.631206,0.21305
42050000,2,0.22981,-3837.3,0.739765,0.613389,0.2453
42100000,2,0.0350612,-3834.12,0.845065,0.621768,0.24665
42150000,2,0.905417,-3831.93,0.0746584,0.594115,0.2313
42200000,1,-0.182725,-3850.04,0.570224,0.63495,0.2038
42250000,2,-0.555521,-3835.37,1.38715,0.600156,0.2371
42300000,1,-0.43471,-3848.63,0.778705,0.633929,0.242014
42350000,2,0.278651,-3833,0.587475,0.61409,0.2305
42400000,2,-0.0850659,-3832.5,1.00927,0.59365,0.2256
42450000,3,-1.81077,-3837.65,0.800314,0.606832,0.24594
42500000,2,-0.292927,-3834.5,1.18635,0.605028,0.24602
42550000,1,-0.694055,-3844.28,1.09851,0.622703,0.232675
42600000,2,0.0925389,-3834.43,0.83834,0.609675,0.2198
42650000,2,-0.903998,-3832.17,1.81052,0.60292,0.2387
42700000,2,0.0256087,-3834.41,0.841841,0.605158,0.222233
42750000,2,-0.586805,-3834.49,1.53701,0.582431,0.23085
42800000,2,-1.16185,-3835.4,2.07888,0.590832,0.2343
42850000,1,-1.66778,-3846.11,2.08922,0.601089,0.227567
42900000,2,-1.73779,-3832.59,2.6172,0.600658,0.24015
42950000,1,-1.71804,-3845.61,2.08338,0.610643,0.21305
43000000,2,-1.07362,-3838.44,1.89066,0.567962,0.2292
43050000,2,-4.7687,-3836.46,5.73421,0.612079,0.2298
43100000,3,-0.19008,-3830.69,1.52261,0.613846,0.234867
43150000,2,-0.691547,-3835.69,1.62502,0.58818,0.2384
43200000,2,-1.57068,-3832.73,2.45901,0.607513,0.2288
43250000,2,0.0128381,-3836.68,0.966743,0.637721,0.221
43300000,1,0.0826843,-3845.67,0.24922,0.592531,0.193
43350000,2,0.25807,-3835.47,0.481971,0.604095,0.235445
43400000,2,-2.16103,-3831.9,3.10939,0.619159,0.23295
43450000,4,-3.12586,-3832.33,2.3846,0.619338,0.2401
43500000,2,-0.08602,-3831.04,1.0426,0.606931,0.2458
43550000,3,-1.08374,-3851.39,1.0001,0.6005,0.216544
43600000,2,-0.968856,-3833.67,1.93845,0.594208,0.23165
43650000,2,-0.572866,-3835.49,1.29908,0.605427,0.245875
43700000,2,-0.622901,-3833.8,1.43469,0.611137,0.24275
43750000,1,-0.772462,-3844.32,1.11735,0.589556,0.21335
43800000,2,-1.1402,-3835.07,2.13559,0.618422,0.2394
43850000,1,-0.360875,-3844.47,0.757147,0.618567,0.214033
43900000,2,-1.41456,-3841.31,2.28936,0.609084,0.2183
43950000,2,-1.31894,-3834.23,2.23892,0.576256,0.2419
44000000,2,-1.6571,-3835.39,2.5908,0.652323,0.241
44050000,2,-2.39238,-3835.2,3.28317,0.644926,0.2334
44100000,2,-0.269069,-3833.04,1.13035,0.607968,0.249217
44150000,2,-0.547036,-3834.23,1.45872,0.605995,0.24545
44200000,1,-0.662187,-3846.38,1.06865,0.639947,0.213575
44250000,1,-1.42058,-3844.79,1.78184,0.594294,0.213638
44300000,2,-0.076182,-3837.09,0.968136,0.56073,0.244
44350000,4,-0.0960499,-3832.3,0.650528,0.625295,0.2476
44400000,3,-1.09007,-3842.03,0.84829,0.632141,0.2422
44450000,1,0.13697,-3853.24,0.292712,0.555675,0.259
44500000,2,-0.101657,-3833.93,0.911842,0.589259,0.249267
44550000,2,-0.5713,-3836.36,1.47011,0.620906,0.24295
44600000,2,0.246476,-3834.39,0.529806,0.597057,0.23815
44650000,3,-0.393109,-3832.37,1.24476,0.598533,0.2306
44700000,2,-0.879186,-3834.28,1.73519,0.636002,0.251405
44750000,2,0.0210525,-3835.41,0.922723,0.568237,0.248033
44800000,2,0.127926,-3837.53,0.872411,0.57449,0.2415
44850000,4,-3.67918,-3830.94,2.39148,0.615413,0.2277
44900000,2,-1.05317,-3832.88,1.97049,0.603853,0.2379
44950000,1,0.118414,-3847.16,0.245246,0.59191,0.2229
45000000,2,0.522827,-3833.84,0.334535,0.59141,0.23115
45050000,3,-2.19761,-3837.22,2.5152,0.608414,0.2445
45100000,2,-1.2179,-3834.66,2.17973,0.577233,0.2352
45150000,2,0.255404,-3839.28,0.609091,0.571973,0.2482
45200000,2,-1.81551,-3833.03,2.71501,0.62199,0.240733
45250000,3,-3.5605,-3831.71,4.77337,0.621089,0.244133
45300000,2,-0.844979,-3832.92,1.70221,0.635941,0.2499
45350000,3,-1.78321,-3834.33,1.97717,0.617245,0.2253
45400000,2,-1.91466,-3832.36,2.73229,0.611016,0.249625
45450000,2,-0.219068,-3832.89,1.14959,0.603279,0.243
45500000,2,-0.733859,-3834.8,1.62991,0.617109,0.2386
45550000,2,0.5805,-3834.49,0.281404,0.583268,0.2404
45600000,2,0.607241,-3834.89,0.315249,0.614035,0.2265
45650000,2,0.237548,-3832.91,0.602849,0.619897,0.24485
45700000,1,-0.539667,-3848.75,0.870539,0.584831,0.240375
45750000,2,-1.93809,-3833.6,2.7758,0.596414,0.2406
45800000,2,-1.72067,-3845.09,2.28685,0.621927,0.246
45850000,2,-0.436188,-3835.79,1.25525,0.6192,0.2327
45900000,3,-1.73348,-3835.25,2.9867,0.621558,0.2492
45950000,2,-1.65909,-3842.91,1.20308,0.603679,0.225444
46000000,2,0.261613,-3833.07,0.601536,0.615838,0.21968
46050000,2,-0.448979,-3831.94,1.33608,0.62787,0.227
46100000,2,0.307278,-3838.72,0.513408,0.595538,0.2346
46150000,1,0.105731,-3845.73,0.214825,0.586009,0.2147
46200000,2,-1.43114,-3831.98,2.36915,0.613544,0.2395
46250000,2,-0.0880719,-3831.16,0.97961,0.616793,0.2426
46300000,2,-0.580493,-3833.3,1.5691,0.609539,0.2416
46350000,2,-0.131784,-3831.27,1.04386,0.611561,0.2435
46400000,2,-0.271529,-3833.13,1.18699,0.593433,0.2364
46450000,2,-1.22331,-3837.07,2.1524,0.614577,0.2293
46500000,2,-0.0386362,-3836.59,0.820201,0.601715,0.245867
46550000,2,-0.990919,-3833.1,2.01593,0.616445,0.2452
46600000,2,0.22074,-3835.77,0.720553,0.576878,0.24476
46650000,3,-0.835071,-3831.39,2.23083,0.623245,0.2422
46700000,2,0.334477,-3834.57,0.538651,0.609186,0.246529
46750000,2,-0.396235,-3837.53,1.19701,0.605542,0.246775
46800000,2,-0.909557,-3835.22,1.76954,0.609197,0.249325
46850000,1,0.0436106,-3843.76,0.311168,0.606381,0.216025
46900000,2,-0.561216,-3832.29,1.42099,0.609387,0.2359
46950000,2,-1.61738,-3835.8,2.53927,0.629081,0.240789
47000000,3,-1.4464,-3827.4,2.7616,0.617214,0.24304
47050000,2,0.390925,-3837.56,0.47605,0.62299,0.250867
47100000,2,0.656505,-3832.82,0.323366,0.63263,0.244
47150000,2,0.102105,-3831.98,0.844157,0.613476,0.2557
47200000,2,-0.260097,-3834.58,1.20533,0.599913,0.2247
47250000,2,0.449199,-3833.58,0.454865,0.614217,0.2424
47300000,2,-0.900889,-3832.99,1.8898,0.588744,0.232233
47350000,2,-0.327565,-3831.39,1.1887,0.612966,0.2364
47400000,2,-1.23,-3832.34,2.11865,0.608725,0.223142
47450000,3,-0.0513331,-3832.97,1.12738,0.614052,0.24515
47500000,2,0.499102,-3834.83,0.394144,0.60919,0.2512
47550000,2,0.622314,-3835.38,0.202597,0.630114,0.2457
47600000,3,0.582185,-3834.86,0.516232,0.576969,0.2411
47650000,2,0.292107,-3834.21,0.694444,0.592032,0.2475
47700000,2,-0.126931,-3836.5,0.898403,0.606273,0.236484
47750000,3,-0.741901,-3829.39,2.11673,0.587344,0.2334
47800000,2,-0.52479,-3834.79,1.31718,0.619868,0.244629
47850000,1,0.0496134,-3849.36,0.480565,0.629343,0.24366
47900000,2,0.399932,-3833.57,0.550596,0.583389,0.2332
47950000,2,-0.324166,-3836.82,1.19722,0.581605,0.2274
48000000,1,-0.393803,-3844.92,0.741682,0.586183,0.2043
48050000,1,-1.38193,-3848,1.66727,0.596376,0.20865
48100000,2,-1.28514,-3830.96,2.2023,0.603867,0.21265
48150000,2,0.633983,-3831.62,0.340978,0.60986,0.2497
48200000,3,-0.631178,-3832.02,1.08721,0.592454,0.2384
48250000,1,-0.971944,-3845.59,1.37457,0.585412,0.224213
48300000,2,-0.107958,-3833.49,0.913925,0.610442,0.261283
48350000,2,-0.464422,-3834.19,1.30323,0.604135,0.2382
48400000,2,-0.445972,-3834.62,1.25492,0.643849,0.242425
48450000,2,0.054675,-3835.12,0.84098,0.630129,0.243167
48500000,2,-0.33396,-3832.86,1.22551,0.607147,0.24505
48550000,1,-0.515311,-3848.53,1.02135,0.619693,0.2561
48600000,2,0.326448,-3832.45,0.610318,0.598469,0.229
48650000,2,-0.511369,-3833.3,1.46355,0.615375,0.23795
48700000,2,-0.229891,-3834.05,1.0902,0.606004,0.218888
48750000,2,-2.26783,-3832.37,3.19858,0.611632,0.238633
48800000,2,0.421259,-3832.6,0.511027,0.610297,0.2445
48850000,2,0.3535,-3834.79,0.407376,0.623549,0.2474
48900000,2,-2.58598,-3834.6,3.46794,0.617223,0.2321
48950000,2,-1.14872,-3834.44,1.94269,0.607763,0.2427
49000000,2,0.553812,-3834.06,0.383205,0.611265,0.2456
49050000,4,-3.05124,-3833.75,2.2309,0.595249,0.247312
49100000,2,-0.211729,-3834.87,1.15804,0.619418,0.2314
49150000,2,0.308606,-3836.44,0.595218,0.57121,0.2455
49200000,3,-1.04284,-3835.51,1.54889,0.580882,0.236775
49250000,2,-0.0492228,-3832.05,0.967829,0.596859,0.253145
49300000,2,-0.786042,-3835.58,1.60374,0.631615,0.246875
49350000,1,-1.3888,-3845.1,1.76787,0.592513,0.2345
49400000,2,-0.671311,-3834.56,1.56763,0.612813,0.2298
49450000,1,0.232018,-3844.36,0.127539,0.621088,0.24094
49500000,3,-1.13572,-3832.88,1.1703,0.591611,0.2411
49550000,2,-6.07643,-3831.45,6.98251,0.598283,0.242475
49600000,2,-0.679341,-3841.35,1.44336,0.627905,0.225625
49650000,2,-0.803937,-3833.58,1.78793,0.6101,0.24415
49700000,2,-0.823919,-3831.55,1.73106,0.630438,0.2452
49750000,2,-1.24277,-3835.48,2.18724,0.610723,0.246757
49800000,2,-0.153158,-3833.78,1.13192,0.620335,0.2355
49850000,2,0.557421,-3833.84,0.313334,0.62879,0.252025
49900000,2,-1.23253,-3836.7,2.02131,0.601017,0.2494
49950000,2,0.115899,-3836.4,0.815829,0.624436,0.238833
