generation,N_shifts,logPrior,logLik,eventRate,preservationRate,acceptRate
0,0,-1,-6977.33,1,0.43,0
50000,1,0.116225,-4007.88,0.161338,0.564942,0.2103
100000,2,-1.75052,-4002.97,1.78949,0.566261,0.22356
150000,1,-1.29317,-4015.69,1.47376,0.562385,0.224125
200000,1,-0.00158392,-4008.81,0.357761,0.581037,0.227075
250000,1,-0.910109,-4008.5,1.17367,0.576591,0.23515
300000,1,-0.399718,-4008.13,0.680476,0.546625,0.230275
350000,2,-2.18392,-4004.61,1.37626,0.556095,0.2236
400000,1,-0.41201,-4007.99,0.716227,0.57968,0.22386
450000,1,-0.819858,-4007.38,1.11681,0.560267,0.214367
500000,1,-1.88285,-4005.96,2.19918,0.571645,0.22572
550000,2,0.038007,-4003.19,0.590463,0.593358,0.2178
600000,1,-1.12611,-4008.01,1.44046,0.582737,0.21285
650000,1,-0.830484,-4009.99,1.16679,0.595262,0.2395
700000,1,-0.861854,-4008.12,1.14827,0.54736,0.217517
750000,1,-2.07336,-4007.92,2.33681,0.572834,0.2237
800000,3,-1.28759,-4001.28,1.07283,0.57757,0.23305
850000,2,-2.04292,-4006.28,2.01535,0.571858,0.2115
900000,1,-0.177097,-4007.06,0.498417,0.565105,0.2061
950000,1,0.243075,-4006.57,0.0837773,0.576623,0.216638
1000000,3,-3.34746,-4007.07,2.90366,0.592343,0.2227
1050000,1,-0.257384,-4006.88,0.541362,0.57008,0.2174
1100000,1,0.104077,-4008.42,0.217653,0.587978,0.230589
1150000,2,0.0607486,-4004.43,0.562365,0.583428,0.227075
1200000,1,-0.504351,-4007.79,0.779216,0.560247,0.2105
1250000,1,-0.00239589,-4009.99,0.311003,0.56899,0.209
1300000,1,-1.25991,-4008.2,1.56763,0.602595,0.22375
1350000,1,-0.80127,-4008.17,1.07436,0.580145,0.2168
1400000,1,0.29682,-4007.96,0.0212653,0.577015,0.22825
1450000,1,0.000265348,-4006.44,0.325092,0.566915,0.2084
1500000,2,-1.89,-4005.92,2.47195,0.560106,0.222921
1550000,1,0.0563668,-4006.78,0.242618,0.564006,0.222944
1600000,1,-0.716168,-4011.75,1.06543,0.552902,0.220318
1650000,1,-1.25277,-4006.44,1.55801,0.566566,0.219167
1700000,2,-3.55847,-4008.28,2.11879,0.581986,0.215567
1750000,1,0.1657,-4007.05,0.0958908,0.570793,0.21815
1800000,2,-1.26436,-4003.86,1.32853,0.588185,0.217775
1850000,3,-0.183506,-3992.39,1.48428,0.591555,0.234033
1900000,2,-0.33634,-4003.13,1.05246,0.601698,0.226367
1950000,1,-0.501771,-4008.16,0.854206,0.567424,0.222033
2000000,2,-0.832837,-4008.28,1.44769,0.583717,0.22
2050000,2,-4.33148,-4004.36,2.59018,0.550592,0.21455
2100000,1,-1.1424,-4007.67,1.46535,0.563799,0.2151
2150000,3,-2.82896,-3999.67,1.68007,0.566467,0.2188
2200000,2,-2.36871,-4002.75,1.36,0.576456,0.23065
2250000,1,-2.28594,-4007.5,2.58467,0.597606,0.2182
2300000,1,0.0951633,-4006.19,0.19949,0.576635,0.2113
2350000,3,-4.55222,-4006.97,2.48459,0.59061,0.22495
2400000,3,-2.30044,-4001.91,2.53314,0.56554,0.2163
2450000,3,0.37068,-3999.52,0.847897,0.596139,0.234575
2500000,1,-0.0650553,-4006.39,0.366279,0.565244,0.2128
2550000,1,-0.0773653,-4006.35,0.388712,0.578281,0.2117
2600000,3,-1.40323,-3996.92,1.31613,0.582591,0.2213
2650000,1,-0.928204,-4010.57,1.15876,0.592242,0.2084
2700000,3,-1.06809,-3997.51,1.8323,0.564381,0.220264
2750000,3,-3.96296,-4007.11,1.94731,0.545522,0.2138
2800000,1,-0.80131,-4006.64,1.09651,0.579264,0.223475
2850000,2,-1.184,-4007.79,1.15247,0.575394,0.21288
2900000,2,-0.0649651,-4007.55,0.701567,0.566221,0.232067
2950000,1,0.177943,-4008.94,0.149831,0.557826,0.2132
3000000,1,0.236643,-4010.04,0.0929148,0.58665,0.217579
3050000,1,-0.817536,-4007.07,1.14418,0.561214,0.217157
3100000,3,-3.22699,-4003.4,2.11405,0.580167,0.2242
3150000,4,-2.99273,-4001.54,3.66297,0.57521,0.2286
3200000,6,-1.34864,-3987.16,2.19434,0.572213,0.258133
3250000,1,0.226058,-4006.78,0.11382,0.574778,0.2137
3300000,2,-0.652134,-4002.62,1.399,0.600272,0.239063
3350000,1,-0.265286,-4009.07,0.538907,0.585184,0.213475
3400000,1,-0.445723,-4006.82,0.7303,0.564909,0.217043
3450000,1,-0.462111,-4008.44,0.815,0.563019,0.2137
3500000,1,-1.71967,-4008.22,2.03905,0.595162,0.2155
3550000,1,-1.95737,-4014.55,2.18732,0.571531,0.2466
3600000,1,-0.319059,-4006.75,0.642759,0.583322,0.217944
3650000,3,-4.93602,-4001.66,1.35253,0.551616,0.2411
3700000,2,-0.0245716,-4004.35,0.713794,0.603526,0.23545
3750000,1,0.186785,-4008.71,0.150453,0.559061,0.213875
3800000,2,-0.396407,-4002.82,0.614508,0.568778,0.224
3850000,3,-3.82303,-4004.14,2.47666,0.565805,0.2125
3900000,1,-1.1543,-4008.99,1.49132,0.562947,0.2281
3950000,1,-0.236419,-4008.55,0.504067,0.569523,0.2268
4000000,1,-0.564212,-4009.69,0.851075,0.616813,0.2144
4050000,1,-0.352482,-4008.48,0.612735,0.583695,0.213067
4100000,2,-2.86396,-4007.3,1.12392,0.558286,0.22134
4150000,1,-2.34208,-4005.8,2.65104,0.577224,0.216
4200000,1,-0.723012,-4008.03,0.994489,0.558103,0.222333
4250000,1,-0.436684,-4010.31,0.758898,0.603821,0.2091
4300000,1,-0.586656,-4010.55,0.906953,0.619984,0.222612
4350000,2,-0.570029,-4002.35,0.654034,0.578826,0.2189
4400000,1,-0.993475,-4006.9,1.3171,0.574749,0.20885
4450000,1,-0.252703,-4007.88,0.569876,0.599946,0.219
4500000,1,-0.0694545,-4006.9,0.381229,0.561711,0.220067
4550000,2,-1.59671,-4004.25,1.41516,0.581662,0.2191
4600000,1,-0.612497,-4010.19,0.909841,0.581158,0.22085
4650000,2,0.325008,-4001.52,0.434874,0.585593,0.265257
4700000,1,-1.14259,-4006.19,1.44932,0.582962,0.2172
4750000,1,-0.987559,-4008.91,1.27256,0.570326,0.226329
4800000,1,-0.961269,-4008.55,1.21848,0.585363,0.222167
4850000,1,-0.218697,-4008.99,0.523876,0.593427,0.217533
4900000,1,-1.26343,-4010.39,1.52781,0.566488,0.219225
4950000,2,-1.55327,-4004.58,0.853499,0.586754,0.2046
5000000,3,-2.12056,-3998.11,3.13655,0.559988,0.2458
5050000,1,-1.29577,-4006.77,1.62691,0.562257,0.224512
5100000,2,-0.869333,-4004.94,1.24505,0.563316,0.21245
5150000,1,0.122788,-4008.5,0.2355,0.588815,0.21825
5200000,4,-3.69595,-4002.06,1.41506,0.582238,0.217425
5250000,1,-0.162363,-4009.2,0.50149,0.558937,0.22645
5300000,4,-4.71467,-4004.45,3.38424,0.569756,0.24455
5350000,1,0.00293547,-4006.68,0.307157,0.577408,0.2249
5400000,2,-0.970511,-4002.56,1.70075,0.58607,0.220067
5450000,1,0.360985,-4014.95,0.0725603,0.596254,0.241
5500000,2,-1.54574,-4006.46,1.16133,0.575038,0.2152
5550000,3,-2.71395,-4005.82,2.01021,0.581436,0.2218
5600000,1,-1.59528,-4008.67,1.92609,0.55125,0.21428
5650000,2,-1.92207,-4010.4,1.15049,0.585387,0.2243
5700000,1,0.206512,-4008.12,0.126452,0.590152,0.2163
5750000,1,-0.418923,-4007.76,0.764252,0.569767,0.2108
5800000,1,-0.107157,-4008.11,0.423416,0.575454,0.2128
5850000,1,-0.292029,-4006.72,0.606181,0.584095,0.220382
5900000,1,0.244073,-4006.87,0.0475143,0.567258,0.2122
5950000,2,-0.61382,-4005.17,0.707127,0.546984,0.219233
6000000,1,-0.580439,-4007.08,0.890488,0.571984,0.217933
6050000,1,-1.00743,-4008.03,1.34552,0.600539,0.232437
6100000,1,-0.980968,-4010.66,1.27857,0.593268,0.2237
6150000,3,-0.861022,-4008.54,0.493939,0.590665,0.2273
6200000,1,-0.215422,-4007.25,0.563545,0.56946,0.220245
6250000,1,0.229012,-4011.24,0.0742923,0.605121,0.2262
6300000,3,-0.550877,-3998.99,0.840869,0.59524,0.23438
6350000,1,0.0350795,-4006.93,0.313631,0.582265,0.2124
6400000,1,0.018402,-4007.55,0.296266,0.59673,0.226791
6450000,1,-2.5448,-4006.62,2.88202,0.5705,0.2225
6500000,2,-0.778562,-4007.4,1.14547,0.567413,0.2205
6550000,1,-0.808305,-4007.67,1.08007,0.594671,0.2223
6600000,2,-1.06283,-4002.4,1.82549,0.574531,0.217833
6650000,1,-0.731549,-4011.29,1.06734,0.579847,0.21652
6700000,2,-4.79631,-4004.81,1.47729,0.585932,0.22196
6750000,1,-0.273141,-4010.41,0.607937,0.587947,0.202
6800000,1,0.20587,-4006.25,0.110084,0.568144,0.221133
6850000,4,-3.18945,-4001.93,0.889662,0.581233,0.214233
6900000,1,-1.41578,-4007.53,1.74686,0.590445,0.21815
6950000,1,-1.15606,-4006.84,1.44787,0.586743,0.219971
7000000,1,-1.35335,-4006.2,1.6569,0.566506,0.21555
7050000,1,-0.283722,-4007.35,0.573148,0.566474,0.218771
7100000,2,-0.631409,-4006.69,0.982425,0.577103,0.24835
7150000,2,-1.57936,-4009.56,1.76084,0.584518,0.2174
7200000,1,-1.17137,-4010.25,1.5027,0.571504,0.21485
7250000,1,-0.932652,-4008.41,1.22728,0.564249,0.215675
7300000,1,-0.31001,-4007.21,0.601816,0.593338,0.2278
7350000,3,-1.67532,-4002.91,2.43147,0.564422,0.219691
7400000,1,-1.75241,-4006,2.05613,0.578171,0.225957
7450000,2,-3.06271,-4004.7,2.45082,0.565847,0.2259
7500000,1,-0.773048,-4008.5,1.05764,0.573868,0.2177
7550000,1,-2.05557,-4008.18,2.35973,0.598053,0.22311
7600000,1,-0.238837,-4006.51,0.54518,0.588496,0.223625
7650000,2,-1.18661,-4005.76,0.977322,0.561284,0.218883
7700000,1,-1.16278,-4009.74,1.45895,0.572418,0.2233
7750000,1,-0.630048,-4008.54,0.977989,0.576465,0.219531
7800000,1,-1.50971,-4008.64,1.80877,0.590564,0.2135
7850000,3,-1.89669,-3998.25,0.629711,0.585416,0.244
7900000,1,-0.87868,-4007.93,1.1445,0.556103,0.2269
7950000,1,-0.0886748,-4008.07,0.438042,0.573055,0.2274
8000000,1,-0.0722853,-4009.27,0.387596,0.57078,0.2103
8050000,2,-4.89675,-4008.34,2.59943,0.591725,0.219182
8100000,2,0.173208,-4008.37,0.351574,0.583648,0.217867
8150000,1,-0.132536,-4008.67,0.424549,0.584972,0.220325
8200000,1,0.218972,-4008.54,0.117892,0.569563,0.2213
8250000,2,-2.36679,-4004.14,1.44874,0.557003,0.220971
8300000,1,-0.361026,-4011.38,0.735725,0.580186,0.2191
8350000,2,-1.49924,-4009.53,2.14291,0.594604,0.21982
8400000,2,-1.32196,-4006.73,1.93606,0.568634,0.21715
8450000,2,-0.7228,-4009.89,0.35705,0.589408,0.22155
8500000,1,-0.93313,-4008.02,1.19971,0.57201,0.2188
8550000,1,-0.0800109,-4007.88,0.350332,0.573578,0.218687
8600000,1,0.0454966,-4018.47,0.213572,0.578507,0.221233
8650000,2,-1.23106,-4005.63,0.959737,0.582295,0.2137
8700000,1,-0.109439,-4006.51,0.432251,0.577271,0.223612
8750000,1,-1.30741,-4008.17,1.62674,0.553187,0.2195
8800000,3,-2.56885,-3998.99,2.73506,0.589213,0.2644
8850000,3,0.00762055,-3998.48,0.864135,0.606092,0.23722
8900000,1,-0.707711,-4006.93,1.00943,0.562691,0.221767
8950000,1,0.0197934,-4007.43,0.302412,0.579972,0.2331
9000000,1,-0.175015,-4005.93,0.490551,0.582321,0.21886
9050000,1,0.271221,-4009.53,0.0461007,0.566092,0.2145
9100000,3,-2.3891,-4004.7,2.08883,0.570799,0.2261
9150000,1,-1.30826,-4014.33,1.73591,0.577292,0.230258
9200000,2,-1.66591,-4009.18,1.6766,0.596535,0.2147
9250000,4,-3.53503,-3998.55,3.03826,0.55867,0.226957
9300000,1,0.13498,-4010.17,0.105735,0.562457,0.2181
9350000,1,-0.597164,-4008.78,0.898402,0.586225,0.213367
9400000,1,-1.68141,-4013.26,1.89229,0.561103,0.2209
9450000,5,-3.02477,-3993.33,2.53768,0.55891,0.2386
9500000,2,-1.46906,-4004.79,0.675607,0.581217,0.2247
9550000,1,-0.950805,-4008.11,1.23841,0.590796,0.2269
9600000,1,-0.652485,-4008.74,0.976772,0.594892,0.218167
9650000,1,-0.998912,-4007.06,1.31134,0.575691,0.225367
9700000,2,-2.61494,-4002.57,2.06363,0.582659,0.228614
9750000,1,0.181112,-4006.44,0.145828,0.567378,0.2225
9800000,1,-0.117934,-4009.03,0.392572,0.574793,0.1966
9850000,2,-1.75275,-4002.31,1.04201,0.581457,0.21725
9900000,1,-0.992872,-4008.46,1.23587,0.557495,0.2167
9950000,3,-2.32819,-3999.11,2.1711,0.585765,0.22509
10000000,1,-1.83649,-4012.61,2.11916,0.614925,0.22055
10050000,1,-0.817066,-4007.27,1.08189,0.57458,0.221
10100000,2,-1.38052,-4002.93,1.37251,0.581213,0.2279
10150000,1,-1.29105,-4008.21,1.62074,0.609213,0.2011
10200000,1,-0.648247,-4008.45,0.955494,0.590736,0.1985
10250000,1,-2.0081,-4012.84,2.26287,0.600217,0.2147
10300000,1,-0.927799,-4008.72,1.16875,0.585686,0.2158
10350000,3,-0.805638,-3996.22,1.81339,0.582179,0.24915
10400000,1,-0.117852,-4008.2,0.360964,0.584822,0.222427
10450000,2,-2.3268,-4005.02,2.42017,0.605912,0.212
10500000,1,-0.535664,-4008.28,0.829648,0.57127,0.230058
10550000,2,-3.14347,-4003.46,1.19964,0.563726,0.229467
10600000,2,-3.09329,-4003.31,3.26021,0.576446,0.2214
10650000,6,-2.58038,-3992.06,2.74653,0.564835,0.22069
10700000,1,-0.232174,-4008.96,0.521831,0.585317,0.2098
10750000,1,-1.14354,-4006.62,1.43051,0.590266,0.2212
10800000,1,-0.336972,-4013.63,0.584875,0.567819,0.21634
10850000,1,-0.635688,-4007.64,0.942096,0.559636,0.2138
10900000,1,-0.110592,-4007.57,0.411595,0.572726,0.21995
10950000,1,-0.347198,-4006.33,0.662193,0.591357,0.2232
11000000,1,-0.305055,-4007.97,0.616728,0.581237,0.2328
11050000,1,-0.574653,-4006.75,0.904724,0.576252,0.213025
11100000,1,-0.0935562,-4008.3,0.419915,0.591853,0.2067
11150000,1,-0.436492,-4008.01,0.680282,0.579487,0.2148
11200000,1,-0.294216,-4006.93,0.591141,0.585912,0.21095
11250000,1,-0.884642,-4006.41,1.17492,0.567317,0.221571
11300000,1,-0.136362,-4008.13,0.481751,0.601179,0.2259
11350000,1,-0.0521493,-4006.32,0.344605,0.576503,0.22155
11400000,1,-1.43819,-4008.57,1.70322,0.553289,0.231453
11450000,2,-0.587816,-4004.49,0.382108,0.580713,0.22
11500000,1,0.149111,-4008.93,0.1562,0.542714,0.227925
11550000,1,-1.04185,-4007.47,1.3213,0.58104,0.21195
11600000,1,-0.884381,-4009.58,1.18921,0.57573,0.2348
11650000,3,-2.49684,-3999.92,3.19247,0.576267,0.2151
11700000,2,-1.05288,-4002.04,1.79747,0.569529,0.25416
11750000,1,-0.564453,-4016.5,0.834185,0.587863,0.226975
11800000,1,0.269932,-4013.98,0.112268,0.604209,0.2607
11850000,1,-0.215605,-4009.09,0.569497,0.583701,0.220625
11900000,3,-3.99222,-4005.91,1.94615,0.571827,0.2235
11950000,1,-1.10243,-4010.4,1.3902,0.572859,0.218922
12000000,1,-2.84152,-4007.42,3.18112,0.566331,0.2229
12050000,1,-0.999696,-4007.15,1.29284,0.591738,0.21255
12100000,1,0.054679,-4006.54,0.263649,0.574997,0.222833
12150000,2,-2.78479,-4004.61,3.24759,0.573649,0.2069
12200000,1,-0.121474,-4007.73,0.431676,0.569579,0.2189
12250000,2,-2.24932,-4002.31,1.69787,0.580271,0.227283
12300000,3,-1.93449,-4003.09,1.13194,0.575816,0.22585
12350000,2,-1.37129,-4003.36,2.02551,0.575478,0.221333
12400000,1,-2.53799,-4006.61,2.82238,0.570948,0.220367
12450000,2,-0.302062,-4007.01,0.699766,0.586306,0.211983
12500000,1,-0.944537,-4006.04,1.25146,0.580385,0.216067
12550000,1,0.297694,-4009.73,0.0256534,0.556355,0.2308
12600000,1,0.250824,-4008.68,0.040093,0.594047,0.2131
12650000,1,-1.15466,-4007.05,1.44996,0.559221,0.2186
12700000,1,-0.386373,-4006.34,0.699036,0.573987,0.213925
12750000,1,-0.516887,-4008.09,0.806724,0.58775,0.21895
12800000,1,-1.08638,-4011.08,1.36487,0.554688,0.215583
12850000,3,-1.60363,-3998.33,1.74938,0.552833,0.221275
12900000,1,-1.51902,-4008.07,1.86193,0.595093,0.2263
12950000,3,-0.465477,-4007.88,1.38236,0.59201,0.222333
13000000,1,-1.3682,-4006.27,1.6596,0.581721,0.222071
13050000,1,-0.378262,-4006.52,0.670855,0.580037,0.2344
13100000,1,-0.136186,-4007.02,0.428892,0.572582,0.2157
13150000,2,-1.30099,-4008.58,1.96606,0.600729,0.2174
13200000,1,-0.786206,-4010.53,1.1718,0.575019,0.216967
13250000,1,0.15085,-4008.26,0.190988,0.562466,0.219883
13300000,3,-2.87983,-3999.07,2.30317,0.56372,0.2323
13350000,1,0.0497602,-4006.38,0.275551,0.578837,0.218818
13400000,1,-0.300968,-4006.55,0.628992,0.574082,0.2083
13450000,1,0.015228,-4007.48,0.279137,0.589802,0.2174
13500000,1,-0.0715543,-4008.73,0.345481,0.587156,0.226
13550000,1,-0.306239,-4006.93,0.609247,0.557369,0.2116
13600000,1,-0.357423,-4009.73,0.719737,0.579079,0.24085
13650000,2,-2.14165,-4004.09,1.36614,0.560788,0.223637
13700000,1,-0.241795,-4008.42,0.592818,0.568008,0.2201
13750000,1,-0.925309,-4007.86,1.24657,0.559943,0.21955
13800000,2,-4.20704,-4007.55,4.4622,0.581456,0.2039
13850000,1,-0.248046,-4008.46,0.55457,0.570194,0.20985
13900000,1,0.109051,-4006.97,0.172131,0.569011,0.222633
13950000,2,-1.95651,-4002.3,2.67316,0.579927,0.2314
14000000,4,-1.13654,-3995.5,2.70412,0.594522,0.2582
14050000,2,-3.16781,-4004.11,1.8953,0.558183,0.2217
14100000,2,-0.0620972,-4005.31,0.556241,0.577503,0.22325
14150000,2,-1.61715,-4006.91,1.7139,0.544964,0.221967
14200000,3,-1.40416,-4001.88,0.660457,0.560017,0.2158
14250000,1,0.201336,-4008.94,0.117215,0.559968,0.2134
14300000,3,-0.825412,-4004.62,0.596024,0.595838,0.2103
14350000,3,-0.966354,-3998.39,0.517486,0.577394,0.223532
14400000,1,-0.963033,-4006.83,1.28609,0.556816,0.222
14450000,1,0.0318837,-4009.45,0.293165,0.573104,0.222333
14500000,1,-0.485581,-4008.53,0.781464,0.573636,0.22268
14550000,2,-1.21162,-4004.72,0.98795,0.578056,0.214925
14600000,2,-0.0171263,-4007.27,0.259861,0.580737,0.22665
14650000,1,-1.68854,-4007.71,2.00288,0.593723,0.221867
14700000,1,-2.27155,-4008.14,2.52442,0.578707,0.21498
14750000,1,-0.168137,-4009.94,0.510896,0.563147,0.208
14800000,2,-2.00061,-4011.16,1.9594,0.569161,0.221089
14850000,1,-0.7899,-4010.2,1.01703,0.58863,0.219283
14900000,1,-1.19257,-4007.02,1.52089,0.598829,0.2221
14950000,2,-1.51809,-4009.23,1.71848,0.553097,0.2112
15000000,3,-2.05886,-4003.38,1.66662,0.55777,0.22215
15050000,1,-0.788662,-4009.24,1.0761,0.570034,0.22269
15100000,1,-2.10354,-4008.52,2.39652,0.571954,0.227833
15150000,4,-2.84046,-3993.63,3.10345,0.589444,0.223
15200000,2,-1.65682,-4005.59,2.00352,0.582822,0.219713
15250000,1,-0.0254157,-4008.1,0.291161,0.585969,0.219486
15300000,1,-1.08972,-4008.12,1.40808,0.567932,0.22115
15350000,4,-1.87288,-3999.27,1.59897,0.563227,0.213325
15400000,1,-1.38914,-4006.55,1.6823,0.579673,0.2191
15450000,4,-0.347038,-3993.41,1.81771,0.581537,0.229075
15500000,3,-0.860725,-3996.6,2.03406,0.533682,0.261333
15550000,3,-1.63848,-3994.66,1.69415,0.569061,0.2515
15600000,2,-0.934707,-4006.41,1.08149,0.562249,0.2215
15650000,1,-0.0362931,-4009.49,0.345607,0.594759,0.2198
15700000,1,-1.14554,-4010.37,1.39313,0.593534,0.2249
15750000,1,0.10948,-4007.67,0.236654,0.566381,0.22
15800000,3,-1.91224,-4006.08,2.88823,0.578178,0.2372
15850000,2,-2.26474,-4003.26,0.86077,0.569486,0.247833
15900000,3,-3.94591,-4004.72,1.79827,0.583569,0.2111
15950000,1,0.142909,-4006.56,0.17392,0.572699,0.2141
16000000,1,-1.72838,-4006.71,2.06164,0.577948,0.2168
16050000,3,-0.681203,-3997.49,0.70892,0.576868,0.2344
16100000,1,-2.37227,-4006.08,2.68856,0.573908,0.2058
16150000,1,-0.213448,-4008.42,0.546304,0.585917,0.21235
16200000,1,-0.0899056,-4013.29,0.519778,0.574804,0.2341
16250000,1,-1.38047,-4007.2,1.68331,0.582364,0.219709
16300000,2,0.114266,-4007.79,0.336164,0.590667,0.220525
16350000,1,-0.0587553,-4015.95,0.417904,0.599191,0.2661
16400000,1,-1.15776,-4007.49,1.47732,0.58621,0.2148
16450000,1,-0.915988,-4008.75,1.22829,0.5444,0.2185
16500000,1,-0.661553,-4007.79,0.97359,0.561084,0.2056
16550000,2,-0.973672,-4008.5,1.13768,0.548413,0.217
16600000,1,-0.4178,-4006.92,0.736282,0.571841,0.2193
16650000,3,-2.5635,-3998.15,1.89648,0.539808,0.2795
16700000,1,0.1206,-4006.88,0.188295,0.570919,0.22177
16750000,1,-1.14602,-4006.46,1.42812,0.569745,0.2315
16800000,1,-0.0443333,-4008.05,0.343813,0.561216,0.222677
16850000,1,-0.423179,-4008.4,0.747164,0.594805,0.2158
16900000,2,-0.78996,-4001.6,0.161074,0.582728,0.216667
16950000,2,-1.4093,-4011.66,1.45806,0.573705,0.228167
17000000,1,-4.47456,-4007.29,4.80403,0.583128,0.217489
17050000,1,0.0811329,-4008.49,0.222094,0.59362,0.2155
17100000,1,-0.0651252,-4007.38,0.356742,0.5858,0.21
17150000,4,-1.39734,-3989.44,1.2342,0.56992,0.228367
17200000,1,0.0950762,-4009.52,0.212238,0.605402,0.2158
17250000,1,-0.154797,-4006.84,0.47716,0.594689,0.2072
17300000,2,-0.596471,-4004.73,1.2896,0.559366,0.21412
17350000,1,-1.11046,-4007.94,1.37004,0.576198,0.2306
17400000,1,-1.38801,-4007.27,1.67004,0.558421,0.2197
17450000,1,-0.0705753,-4007.86,0.387182,0.577875,0.2274
17500000,3,-3.35974,-4002.76,3.06347,0.569861,0.221167
17550000,1,0.0468792,-4011.02,0.199922,0.546906,0.21212
17600000,1,0.240268,-4007.38,0.0605301,0.585418,0.218333
17650000,1,-0.767228,-4007.74,1.10016,0.597922,0.2223
17700000,1,-1.2933,-4007.58,1.57239,0.569947,0.222188
17750000,1,-0.646763,-4010.42,0.887008,0.559437,0.225124
17800000,1,-0.0444081,-4006.93,0.34979,0.575979,0.221625
17850000,1,-0.422223,-4006.32,0.744925,0.5691,0.223467
17900000,2,-2.74105,-4005.31,1.80476,0.567765,0.2399
17950000,1,-1.68179,-4006.2,1.97458,0.564245,0.222033
18000000,1,-1.05469,-4008.73,1.2967,0.595052,0.21604
18050000,2,-1.51825,-4004.96,1.28295,0.552062,0.22326
18100000,1,-0.547172,-4010.82,0.8751,0.583999,0.230325
18150000,1,-2.57143,-4008.46,2.83837,0.554661,0.2137
18200000,2,-3.16519,-4001.38,2.79608,0.577505,0.2174
18250000,3,-1.36491,-4002.57,1.172,0.578687,0.2204
18300000,1,-0.974475,-4006.92,1.25267,0.581493,0.2444
18350000,1,-0.381261,-4008.09,0.736281,0.575193,0.227175
18400000,1,-1.203,-4005.89,1.49844,0.579831,0.243733
18450000,1,-2.18189,-4007.05,2.44956,0.560531,0.24145
18500000,2,-0.811296,-4004.71,0.910859,0.601541,0.215425
18550000,1,-0.751223,-4010.16,1.02902,0.587199,0.2237
18600000,1,-0.484164,-4006.24,0.782323,0.585216,0.223843
18650000,1,-1.05958,-4007.89,1.33955,0.548543,0.21825
18700000,1,-0.0267915,-4006.33,0.329361,0.589337,0.21685
18750000,3,-4.09506,-4002.31,3.53997,0.571736,0.230575
18800000,2,-1.02577,-4019.68,1.32642,0.580638,0.2169
18850000,1,-0.569885,-4006.58,0.847857,0.585827,0.2215
18900000,1,-1.99879,-4007.54,2.28801,0.581624,0.21945
18950000,1,-1.76577,-4007.01,2.08458,0.576319,0.22087
19000000,1,0.0868291,-4007.65,0.185811,0.576995,0.220829
19050000,2,-3.6557,-4011.67,2.59264,0.608208,0.2279
19100000,1,-1.31219,-4007.06,1.6477,0.570659,0.2186
19150000,3,-1.14436,-3996.17,2.3035,0.609143,0.257543
19200000,1,-0.843562,-4007.84,1.14604,0.550798,0.2125
19250000,1,-0.509344,-4008.36,0.845569,0.571488,0.213225
19300000,2,-1.37529,-4011.06,1.7929,0.582394,0.2174
19350000,1,0.0288809,-4007.27,0.272416,0.570924,0.222155
19400000,2,-1.94362,-4006.4,1.98985,0.570088,0.222643
19450000,1,-0.088114,-4009.67,0.367815,0.541822,0.222
19500000,1,-0.140319,-4009.14,0.47931,0.55203,0.2292
19550000,1,-0.38538,-4007.72,0.669579,0.591017,0.21015
19600000,1,-0.39707,-4010.55,0.776322,0.552048,0.21845
19650000,2,-2.19839,-4007.95,1.53342,0.570285,0.2026
19700000,1,-0.729834,-4009.15,1.02124,0.584184,0.232425
19750000,1,0.149739,-4009.41,0.155847,0.58491,0.21972
19800000,1,-0.369839,-4009.09,0.669425,0.588076,0.22526
19850000,2,-1.3902,-4005.38,1.82943,0.580673,0.2268
19900000,3,-2.02497,-4006.76,2.00051,0.581781,0.2172
19950000,2,-2.08345,-4005.21,2.63533,0.569662,0.22795
20000000,1,-0.611702,-4008.07,0.86033,0.583945,0.2116
20050000,3,-2.12019,-3997.17,0.917093,0.578991,0.23995
20100000,1,-2.02882,-4009.37,2.27253,0.552224,0.2133
20150000,1,-1.01193,-4006.93,1.3042,0.569494,0.2144
20200000,3,-2.2668,-4016.09,2.83544,0.60591,0.21792
20250000,1,-0.687155,-4009.18,1.04537,0.590882,0.2203
20300000,3,-0.516261,-3997.43,1.7654,0.5729,0.255775
20350000,2,-3.72032,-4007.84,2.14408,0.585591,0.2222
20400000,2,-2.18769,-4005.01,0.990991,0.568457,0.2187
20450000,1,-2.20974,-4009.21,2.57438,0.569461,0.2663
20500000,1,0.178645,-4006.2,0.142445,0.576336,0.2325
20550000,4,-4.79151,-4000.27,3.12226,0.572586,0.21034
20600000,2,-4.13957,-4003.85,3.17483,0.563767,0.221
20650000,3,0.270567,-4000.62,0.967126,0.585481,0.2226
20700000,1,-1.63517,-4008.41,1.95438,0.607084,0.218
20750000,1,-0.426694,-4006.66,0.73952,0.561289,0.227919
20800000,2,-0.0222315,-4003.95,0.767912,0.60133,0.233171
20850000,2,-1.82266,-4003.5,1.29413,0.583433,0.22095
20900000,1,-2.47185,-4008.56,2.81422,0.58016,0.22208
20950000,1,-1.40846,-4008.29,1.76157,0.5724,0.2362
21000000,1,-0.0624114,-4009.71,0.358894,0.599669,0.2176
21050000,1,-1.85029,-4006.58,2.14435,0.590757,0.2115
21100000,1,-0.706692,-4007.29,1.04245,0.585949,0.219587
21150000,2,0.0601099,-4005.47,0.282595,0.596886,0.219638
21200000,1,0.278812,-4007.46,0.0642484,0.573267,0.2199
21250000,1,-0.239109,-4008.25,0.511411,0.5727,0.2183
21300000,3,-2.15635,-3998.11,2.69022,0.581206,0.232
21350000,3,-1.61277,-4013.14,1.10382,0.564853,0.22868
21400000,1,-0.373096,-4006.44,0.689699,0.565307,0.212625
21450000,1,-1.03427,-4009.2,1.35723,0.559337,0.2165
21500000,1,-0.232788,-4008.21,0.507305,0.577242,0.222967
21550000,1,-0.262466,-4007.25,0.56578,0.571054,0.215
21600000,2,-1.60319,-4005.05,1.82873,0.564652,0.2126
21650000,1,-0.734039,-4015.55,1.11,0.580592,0.238733
21700000,2,-2.35664,-4005.9,1.45102,0.594302,0.229975
21750000,2,-1.36389,-4002.78,1.95529,0.563435,0.223227
21800000,1,-0.649367,-4007.33,0.910687,0.569727,0.2145
21850000,1,-0.270416,-4010.41,0.634922,0.587812,0.209025
21900000,1,-1.0569,-4006.82,1.38287,0.584776,0.2134
21950000,1,-0.339641,-4007.15,0.619286,0.58754,0.2231
22000000,3,-0.961454,-4005.37,1.15047,0.563359,0.2137
22050000,2,-2.10905,-4002.79,2.02019,0.590867,0.234813
22100000,2,-1.29702,-4003.6,1.11888,0.592614,0.2203
22150000,2,-3.88595,-4010.16,2.78018,0.580682,0.2196
22200000,1,-0.473111,-4008.1,0.795274,0.582717,0.2078
22250000,1,-0.94877,-4009.36,1.2655,0.550378,0.2272
22300000,1,0.00351239,-4007.66,0.327024,0.576575,0.213
22350000,1,-0.631194,-4008.82,0.888264,0.569403,0.2145
22400000,1,-0.00734509,-4007.97,0.319055,0.559169,0.223567
22450000,3,-1.89499,-3997.65,2.77173,0.565087,0.2215
22500000,1,-0.879904,-4008.46,1.21831,0.568625,0.2254
22550000,2,-1.66597,-4001.94,2.42883,0.588118,0.2216
22600000,3,-0.280971,-3996.99,1.4965,0.591259,0.2388
22650000,1,-0.190426,-4008.43,0.451619,0.559785,0.2161
22700000,1,-0.526084,-4008.92,0.879605,0.566609,0.2325
22750000,3,-1.43878,-4003.73,1.42474,0.562242,0.226222
22800000,1,-1.97953,-4007.01,2.29483,0.580891,0.22038
22850000,1,-0.275406,-4008.27,0.552656,0.574098,0.22545
22900000,1,0.00452768,-4008.58,0.268191,0.565612,0.219967
22950000,2,-1.69219,-4011.23,0.739493,0.550091,0.2128
23000000,2,-1.07089,-4007.71,0.497211,0.575445,0.21715
23050000,1,0.0157553,-4007.51,0.287091,0.55984,0.22345
23100000,2,-1.02091,-4007.75,1.65453,0.587204,0.233013
23150000,1,-0.0159056,-4007.68,0.330312,0.570964,0.21525
23200000,1,-2.93173,-4007.93,3.19956,0.575656,0.2139
23250000,1,-3.168,-4009.03,3.51119,0.597851,0.2028
23300000,3,-3.36207,-4007.24,3.66578,0.600887,0.224062
23350000,1,-1.11706,-4007.45,1.3974,0.593501,0.2298
23400000,1,-0.623317,-4009.77,0.876616,0.560554,0.225033
23450000,2,-1.07708,-4003.54,0.501217,0.586979,0.2215
23500000,3,-1.35747,-3995.53,2.3639,0.592573,0.2181
23550000,2,-4.40837,-4009.73,3.36301,0.579035,0.236525
23600000,1,-0.157857,-4007.02,0.455255,0.559084,0.2112
23650000,1,-1.03397,-4010.47,1.26487,0.569652,0.2168
23700000,1,-2.48983,-4012.09,2.69892,0.593222,0.2102
23750000,2,-2.96823,-4012.61,3.41127,0.594101,0.26325
23800000,2,-4.3615,-4004.35,1.95964,0.593677,0.2
23850000,2,-0.801033,-4004.2,0.251487,0.575403,0.220267
23900000,2,-0.542285,-4005.73,1.16724,0.568931,0.2167
23950000,1,-1.05272,-4005.95,1.35152,0.573776,0.2228
24000000,1,-0.0335198,-4017.87,0.261061,0.538533,0.213033
24050000,1,-0.459255,-4009.05,0.741689,0.602824,0.2189
24100000,2,-0.827011,-4005.97,0.803878,0.590391,0.2091
24150000,2,-0.901107,-4008.22,1.02768,0.582285,0.22125
24200000,5,-1.66115,-3991.17,3.25794,0.579015,0.22372
24250000,1,-1.70945,-4008.5,1.99535,0.554623,0.2199
24300000,1,-1.15284,-4007.47,1.42547,0.569431,0.2161
24350000,1,-0.636638,-4008.92,0.885949,0.56045,0.2166
24400000,2,-0.46987,-4013.13,0.669322,0.594487,0.217762
24450000,4,-1.90124,-4001.71,2.40852,0.568769,0.247867
24500000,1,-0.78789,-4007.57,1.07598,0.555926,0.216
24550000,1,-1.04906,-4010.67,1.40716,0.574853,0.2166
24600000,1,-0.543647,-4007.56,0.87447,0.576518,0.226367
24650000,3,-4.25366,-4002.49,3.00159,0.561462,0.2145
24700000,1,-0.451506,-4011.35,0.66537,0.568329,0.2055
24750000,1,-1.0948,-4006.46,1.40596,0.577146,0.219053
24800000,1,-1.0979,-4009.29,1.37115,0.555329,0.2202
24850000,1,0.0721295,-4007.22,0.262501,0.56734,0.21994
24900000,1,-0.437111,-4006.51,0.723921,0.568095,0.223532
24950000,1,-0.662347,-4006.91,0.95506,0.587685,0.222
25000000,2,-1.11485,-4005.62,1.75177,0.571245,0.2305
25050000,2,-1.65888,-4005.43,2.05831,0.576164,0.220125
25100000,1,-0.982972,-4008.65,1.30943,0.576843,0.2291
25150000,2,-1.01406,-4001.55,1.81942,0.580769,0.2244
25200000,1,-0.738471,-4007.83,0.99952,0.56585,0.221475
25250000,1,-0.389607,-4008.1,0.738908,0.581031,0.227971
25300000,1,-0.63445,-4007.75,0.879849,0.57387,0.226057
25350000,1,-0.068562,-4007.94,0.324563,0.59267,0.214233
25400000,1,-1.54341,-4006.43,1.84263,0.562495,0.2109
25450000,1,-4.17023,-4009.44,4.48469,0.55108,0.2191
25500000,2,-4.55185,-4007.55,1.82662,0.573639,0.225
25550000,1,-3.57562,-4007.63,3.88681,0.579175,0.2038
25600000,2,-0.843406,-4009.01,1.37652,0.607588,0.2198
25650000,1,-0.0686713,-4007.85,0.412648,0.588286,0.21756
25700000,1,-0.586576,-4012.28,0.888302,0.569232,0.23154
25750000,1,-1.87845,-4006.73,2.19114,0.575134,0.2171
25800000,1,-0.250755,-4007.45,0.586257,0.588645,0.219017
25850000,2,-0.113833,-4012.23,0.472811,0.5667,0.2162
25900000,1,0.0241082,-4006.28,0.287968,0.576981,0.218327
25950000,2,-0.128882,-4010.45,0.780132,0.57971,0.2115
26000000,1,-0.447903,-4007.08,0.731413,0.590231,0.219475
26050000,1,0.0379639,-4008.26,0.31153,0.566973,0.215725
26100000,1,-2.23762,-4006.22,2.55192,0.575435,0.2085
26150000,1,-0.223036,-4009.53,0.525938,0.609858,0.2165
26200000,1,-0.816034,-4009.96,1.13351,0.585846,0.214175
26250000,2,-2.27532,-4011.97,1.52561,0.57204,0.22075
26300000,1,-0.772851,-4006.37,1.08547,0.582456,0.2245
26350000,1,-0.238433,-4009.47,0.514878,0.589113,0.2156
26400000,1,0.0734837,-4008.3,0.255363,0.601916,0.221591
26450000,1,-1.28194,-4007.89,1.5957,0.548203,0.21702
26500000,1,-1.66048,-4009.62,1.95117,0.596449,0.2219
26550000,1,-0.416936,-4006.41,0.716341,0.576738,0.2234
26600000,1,0.0699234,-4008.39,0.26882,0.58038,0.2149
26650000,3,-2.23843,-3999.29,2.82192,0.576769,0.217525
26700000,1,-0.762905,-4006.46,1.08155,0.585914,0.217225
26750000,1,-0.972832,-4012.9,1.27899,0.525832,0.216991
26800000,6,-3.74032,-3993.91,4.37755,0.574807,0.231187
26850000,1,-0.244413,-4007.85,0.591913,0.554082,0.2296
26900000,1,-0.447429,-4007.07,0.800275,0.581964,0.2234
26950000,1,-2.83715,-4008.53,3.11862,0.557172,0.212
27000000,3,-2.6612,-4005.08,2.3732,0.54218,0.21925
27050000,3,-3.6678,-4001.57,1.83146,0.534712,0.21735
27100000,4,-4.50837,-4003.46,2.7881,0.57107,0.21335
27150000,1,0.077487,-4005.89,0.232378,0.572353,0.2296
27200000,1,0.0348563,-4007.02,0.290441,0.563943,0.21285
27250000,1,-0.197197,-4007.19,0.507251,0.552788,0.22028
27300000,1,-0.473716,-4010.26,0.738525,0.55226,0.221925
27350000,2,-6.68333,-4003.43,1.90522,0.594636,0.2219
27400000,3,-2.53499,-4006.53,1.66035,0.566302,0.2292
27450000,3,-2.07746,-3997.16,1.73342,0.562266,0.22225
27500000,2,-2.74523,-4013.57,2.65242,0.594865,0.21855
27550000,1,0.0408963,-4007.88,0.234244,0.549564,0.2157
27600000,1,0.14827,-4007.7,0.148148,0.569544,0.2208
27650000,1,-0.201929,-4011.48,0.516712,0.630312,0.219343
27700000,3,-1.32572,-3995.8,2.52064,0.593162,0.2716
27750000,4,-1.89198,-4002.05,2.65885,0.583273,0.222117
27800000,1,-0.335977,-4010.54,0.687336,0.596182,0.2076
27850000,3,-6.02047,-4002.86,2.82875,0.580418,0.217488
27900000,1,-0.442748,-4006.74,0.727391,0.557872,0.24975
27950000,1,0.0654055,-4006.11,0.237173,0.576837,0.2182
28000000,1,-1.21172,-4006.95,1.55076,0.581509,0.210533
28050000,1,-1.07692,-4012.3,1.39513,0.559015,0.21636
28100000,2,-1.42696,-4004.57,1.39529,0.591766,0.2243
28150000,2,-0.902831,-4004.66,1.16921,0.603475,0.220622
28200000,1,-1.07773,-4009.28,1.3871,0.573642,0.2162
28250000,3,-1.12442,-3998.36,1.16235,0.55976,0.22045
28300000,1,-0.208922,-4007.77,0.511816,0.561418,0.2218
28350000,1,-1.78502,-4010.24,2.14845,0.598318,0.220275
28400000,2,-2.8326,-4004.94,2.06856,0.556189,0.217867
28450000,1,-0.95108,-4008.9,1.22428,0.563693,0.2147
28500000,1,-0.0674353,-4007.41,0.40471,0.575242,0.216617
28550000,1,0.166474,-4008.84,0.19687,0.585762,0.215
28600000,4,-2.32437,-4009.33,2.17066,0.593202,0.217175
28650000,3,-1.7456,-4007.22,0.765303,0.569141,0.21922
28700000,1,-1.13649,-4007.51,1.4293,0.603367,0.2287
28750000,1,-1.63947,-4007.82,1.92702,0.58552,0.223333
28800000,1,-1.29463,-4008.33,1.58834,0.549415,0.20825
28850000,1,-0.0935991,-4013.6,0.48161,0.541498,0.224017
28900000,1,-0.121838,-4006.86,0.429011,0.593794,0.2194
28950000,2,-0.405674,-4008.92,1.06243,0.579755,0.2477
29000000,1,-0.264253,-4007.29,0.559849,0.585148,0.2205
29050000,2,-1.4439,-4010.59,2.10656,0.555489,0.240053
29100000,2,-0.634762,-4004.84,1.33575,0.589851,0.25264
29150000,1,-1.69209,-4007.87,2.02103,0.563321,0.23506
29200000,2,-0.623819,-4003.13,1.39815,0.577274,0.2361
29250000,1,-0.515947,-4006.3,0.817108,0.582481,0.21995
29300000,2,-1.82654,-4004.69,2.22125,0.584053,0.222225
29350000,3,-0.965446,-4005.92,0.627064,0.581281,0.221
29400000,3,-2.21071,-4006.26,1.53277,0.550819,0.22155
29450000,1,-0.167542,-4009.01,0.489394,0.614783,0.223441
29500000,1,-0.791122,-4007.98,1.09681,0.556963,0.22044
29550000,1,-1.45171,-4009.67,1.75272,0.604929,0.21406
29600000,4,-1.68961,-3992.49,2.4491,0.574523,0.2135
29650000,2,-3.65538,-4007.22,1.67277,0.595432,0.212833
29700000,1,-1.21362,-4007.32,1.50005,0.551205,0.221267
29750000,1,-0.440782,-4009.96,0.814893,0.564088,0.215867
29800000,4,-8.62665,-3994.01,5.52091,0.592837,0.24014
29850000,1,-0.522233,-4008.46,0.881602,0.572856,0.227811
29900000,1,-1.03631,-4009.97,1.28369,0.567351,0.223875
29950000,2,-1.87661,-4008.14,2.0562,0.59728,0.231433
30000000,1,-1.16763,-4007.79,1.51165,0.563193,0.2327
30050000,1,0.0958097,-4009.83,0.245505,0.581818,0.21165
30100000,1,-0.194023,-4007.93,0.519166,0.594314,0.21235
30150000,1,-0.98187,-4009.59,1.30329,0.579241,0.2167
30200000,1,-0.983888,-4006.46,1.32246,0.582237,0.223538
30250000,2,-0.666337,-4011.98,0.536557,0.587737,0.2037
30300000,1,-0.576606,-4006.19,0.86502,0.566641,0.227514
30350000,3,-1.38987,-4006.55,2.51956,0.557961,0.22315
30400000,1,-0.56257,-4007.89,0.848461,0.555367,0.212133
30450000,2,-3.0543,-4008.29,2.4064,0.586002,0.21665
30500000,1,-1.31746,-4006.63,1.61684,0.589551,0.2183
30550000,1,-0.424616,-4009.32,0.720871,0.551627,0.219625
30600000,3,-2.29293,-3993.94,1.57406,0.569639,0.2667
30650000,1,-0.849491,-4007.39,1.1785,0.59001,0.22178
30700000,2,-1.00561,-4003.92,1.39437,0.546842,0.216675
30750000,1,-2.6806,-4009.31,2.98413,0.561816,0.21105
30800000,1,0.224426,-4006.89,0.0678062,0.579025,0.216
30850000,2,-1.48704,-4005.25,2.02619,0.565922,0.2119
30900000,1,-0.297224,-4008.39,0.661526,0.585656,0.2036
30950000,2,-3.10425,-4004.09,3.01833,0.5792,0.2149
31000000,2,-3.52012,-4005.93,3.77579,0.602505,0.220367
31050000,2,-1.34112,-4007.62,1.92484,0.546388,0.2162
31100000,1,-0.6299,-4007.13,0.975255,0.585151,0.2185
31150000,1,-1.17035,-4008.63,1.51498,0.594514,0.218256
31200000,1,-0.546453,-4008.04,0.902035,0.568346,0.2169
31250000,1,-1.23917,-4006.7,1.53358,0.561298,0.21985
31300000,1,-0.337519,-4006.36,0.672204,0.583084,0.2173
31350000,2,-0.199723,-4004.22,0.953733,0.595959,0.239
31400000,1,-1.45716,-4009.75,1.77408,0.576484,0.22126
31450000,3,-1.33625,-4002.08,0.925884,0.548998,0.2296
31500000,1,-0.431416,-4007.71,0.701547,0.582572,0.2199
31550000,3,0.287789,-3996.49,0.330803,0.568417,0.2292
31600000,2,-1.81818,-4002.69,2.46163,0.566381,0.2554
31650000,1,-2.06049,-4009.62,2.4146,0.587229,0.22085
31700000,1,-0.299359,-4008.56,0.58033,0.583385,0.2091
31750000,2,-1.86616,-4007.49,2.42022,0.573834,0.2296
31800000,1,-0.484655,-4006.88,0.784481,0.587153,0.216667
31850000,1,-0.718373,-4008.76,0.968722,0.577902,0.22158
31900000,3,-3.56694,-4011.35,1.88871,0.584314,0.2267
31950000,1,-1.50738,-4006.71,1.84195,0.574447,0.2233
32000000,1,-0.0898331,-4008.49,0.397909,0.574942,0.211
32050000,2,-1.87443,-4009.88,1.76457,0.613794,0.2173
32100000,4,-3.84338,-4000.98,1.68991,0.579313,0.2217
32150000,1,-1.35989,-4007.86,1.65237,0.55003,0.2155
32200000,1,0.271781,-4009.39,0.0606599,0.603039,0.215433
32250000,1,-0.608339,-4006.55,0.916642,0.576744,0.21105
32300000,3,-1.54155,-4006.94,0.988099,0.582715,0.22276
32350000,1,0.041526,-4006.89,0.264639,0.575007,0.2273
32400000,1,-1.35327,-4011.17,1.64963,0.531808,0.227625
32450000,1,-1.2642,-4009.01,1.59302,0.553738,0.227533
32500000,1,-1.61766,-4007.31,1.90545,0.557995,0.21768
32550000,2,-1.39277,-4007.07,0.88133,0.566752,0.2089
32600000,1,-0.695513,-4009.47,0.965498,0.600803,0.22915
32650000,1,-0.0964311,-4007.43,0.41666,0.557835,0.2537
32700000,1,-1.17472,-4008.38,1.45566,0.563751,0.223225
32750000,1,-0.178266,-4010.62,0.54182,0.582098,0.2045
32800000,2,-2.25654,-4002.03,1.26308,0.575871,0.218225
32850000,2,-1.98186,-4007.16,1.837,0.595406,0.2131
32900000,2,-1.8899,-4004.63,0.535165,0.599486,0.219425
32950000,2,-3.36824,-4002.41,3.68855,0.576452,0.21725
33000000,1,-1.58256,-4007.55,1.85227,0.56691,0.221225
33050000,1,-0.597481,-4008.39,0.9204,0.598472,0.21345
33100000,1,-1.11325,-4008.37,1.43225,0.599171,0.217686
33150000,1,-2.17994,-4006.25,2.51263,0.579367,0.22205
33200000,1,0.113525,-4007.57,0.182391,0.59311,0.2116
33250000,1,-0.350683,-4010.39,0.65155,0.601619,0.2156
33300000,2,-1.61437,-4003.56,2.27476,0.583338,0.224775
33350000,1,-0.816596,-4009.98,1.13411,0.598608,0.2181
33400000,1,-0.735052,-4010.32,1.0859,0.591957,0.2306
33450000,3,-4.11713,-4002.84,3.60661,0.542125,0.228771
33500000,1,-0.264995,-4007.97,0.572271,0.556767,0.228
33550000,1,-0.0897628,-4009.33,0.374527,0.571761,0.218
33600000,2,-2.48805,-4009.84,2.31485,0.568688,0.22645
33650000,1,-0.286021,-4006.15,0.585557,0.574107,0.2246
33700000,2,-3.24461,-4002.91,2.67095,0.580359,0.223367
33750000,2,0.512364,-4005.25,0.289466,0.580714,0.23284
33800000,2,-1.26042,-4004.99,1.93163,0.583094,0.2462
33850000,1,0.0396476,-4007.8,0.242853,0.589905,0.220967
33900000,2,-0.877042,-4002.89,1.68123,0.604337,0.220325
33950000,1,-1.46447,-4008.07,1.7987,0.55718,0.22562
34000000,2,-1.30947,-4008.26,1.67146,0.606193,0.2272
34050000,1,-0.684373,-4011.28,1.01909,0.574625,0.221975
34100000,3,-2.74492,-3999.59,1.34781,0.559156,0.21806
34150000,3,-0.216687,-3999.37,1.05963,0.564674,0.2046
34200000,1,-0.0463533,-4007.59,0.320121,0.562419,0.2207
34250000,1,-0.266322,-4008.58,0.514879,0.563,0.2264
34300000,1,-0.504796,-4011.74,0.769947,0.528678,0.2201
34350000,2,-2.57671,-4002.87,3.18357,0.587745,0.223
34400000,1,-2.36349,-4007.67,2.61163,0.57135,0.22645
34450000,2,-3.74254,-4009.54,0.867749,0.546636,0.22092
34500000,1,-0.0646192,-4008.59,0.411076,0.599037,0.2101
34550000,1,-1.60062,-4009.31,1.88744,0.568681,0.2128
34600000,2,-1.74268,-4009.04,2.01176,0.603433,0.22594
34650000,1,0.033573,-4010.46,0.35081,0.558801,0.219483
34700000,1,-1.19773,-4006.23,1.49157,0.571556,0.2186
34750000,1,-1.24451,-4008.68,1.52421,0.583474,0.216167
34800000,1,-1.59937,-4007.82,1.90283,0.549846,0.2218
34850000,5,-1.55052,-4001.64,1.59251,0.592522,0.2209
34900000,2,-4.73355,-4002.89,3.72731,0.578138,0.22505
34950000,1,-1.33608,-4013.46,1.7046,0.559858,0.24165
35000000,3,-0.711111,-3994.21,1.78109,0.560817,0.2462
35050000,3,0.610435,-3992.09,0.532598,0.575578,0.2509
35100000,1,-2.45301,-4007.28,2.73123,0.568625,0.247075
35150000,1,-0.530312,-4010.38,0.789319,0.561262,0.21935
35200000,1,-0.620233,-4008.95,0.978136,0.571895,0.2264
35250000,3,-4.36856,-3998.2,4.46898,0.596128,0.242567
35300000,1,-0.277801,-4010.24,0.624282,0.596973,0.222367
35350000,1,0.0438328,-4008.93,0.307982,0.5514,0.2127
35400000,1,0.0253951,-4008.46,0.247444,0.558389,0.221871
35450000,1,-0.228416,-4009.56,0.535651,0.541331,0.2128
35500000,1,-1.50525,-4010.04,1.7993,0.587853,0.218767
35550000,1,-1.81992,-4008.83,2.12771,0.578228,0.214411
35600000,1,0.0549549,-4007.2,0.275073,0.587155,0.2181
35650000,2,-2.60932,-4004.49,2.92687,0.581531,0.2166
35700000,1,0.212465,-4007.17,0.123705,0.587836,0.216933
35750000,1,-1.32594,-4009.74,1.63553,0.571442,0.21385
35800000,3,-2.48093,-4003.01,2.19661,0.587208,0.2211
35850000,1,-1.62614,-4008.2,1.94465,0.586864,0.226643
35900000,1,-0.0632524,-4008.65,0.401609,0.560051,0.221557
35950000,2,-0.496594,-4009.28,0.986887,0.542768,0.21815
36000000,1,-0.187016,-4007.88,0.456654,0.570201,0.2233
36050000,1,-6.80018,-4009.74,7.0848,0.53538,0.217933
36100000,2,-0.232626,-4005.19,0.899866,0.56339,0.2211
36150000,1,-0.650026,-4006.64,0.936269,0.565546,0.2093
36200000,4,-3.497,-4000.47,3.22611,0.574625,0.2156
36250000,4,-3.82397,-3996.28,4.01516,0.575463,0.21275
36300000,2,-1.43298,-4002.27,2.11824,0.555069,0.218333
36350000,3,-4.24307,-4005.56,2.57608,0.580719,0.22815
36400000,2,-2.01595,-4002.98,1.20535,0.604475,0.22205
36450000,1,-0.95365,-4007.97,1.21628,0.552063,0.24425
36500000,1,-0.785881,-4015.32,1.02304,0.608856,0.2132
36550000,2,-1.83892,-4009.8,2.61293,0.549981,0.2463
36600000,4,-3.10169,-3997.8,1.55688,0.591662,0.2416
36650000,1,-0.19986,-4007.1,0.496875,0.561503,0.2222
36700000,2,-1.47466,-4008.13,0.529359,0.566578,0.223775
36750000,1,0.0303006,-4009.1,0.237118,0.611032,0.2198
36800000,1,0.0179217,-4008.05,0.263166,0.580392,0.21815
36850000,1,-0.561964,-4008.53,0.834591,0.578536,0.221029
36900000,1,-1.20716,-4010.99,1.58371,0.603049,0.219833
36950000,1,0.0788742,-4007.65,0.204094,0.556877,0.22285
37000000,1,-0.942151,-4009.08,1.25617,0.598607,0.221367
37050000,1,0.217761,-4007.15,0.0874274,0.575636,0.232275
37100000,2,-1.23769,-4003.93,0.783146,0.594051,0.21944
37150000,4,-0.401695,-3993.57,1.35664,0.576836,0.2545
37200000,2,-2.14545,-4012.67,2.38839,0.563876,0.220209
37250000,1,-0.749822,-4008.76,1.11133,0.585174,0.21925
37300000,1,-0.536515,-4009.3,0.820563,0.610551,0.2197
37350000,1,-0.830117,-4009.81,1.0944,0.549893,0.218
37400000,1,-1.0072,-4006.7,1.31278,0.596001,0.218833
37450000,3,-3.60107,-4003.36,3.93591,0.619701,0.23
37500000,1,-0.610406,-4010.52,0.887365,0.604112,0.2141
37550000,2,-0.622571,-4007.18,0.974391,0.61144,0.224425
37600000,2,-2.91362,-4002.97,0.80199,0.572417,0.23559
37650000,1,-0.68592,-4014.36,0.940151,0.576738,0.224983
37700000,1,-0.372483,-4006.49,0.672319,0.590904,0.243
37750000,1,-0.924497,-4008.23,1.22713,0.584809,0.21325
37800000,1,-0.403742,-4007.66,0.675426,0.583074,0.214233
37850000,3,-1.99035,-4006.81,2.11601,0.593336,0.21285
37900000,1,-0.130799,-4008.84,0.459241,0.580644,0.21
37950000,1,0.0315097,-4007.68,0.290757,0.598228,0.22449
38000000,1,-0.614337,-4009.98,0.90342,0.568061,0.21876
38050000,1,-0.500491,-4008.39,0.793798,0.560668,0.2036
38100000,2,-0.795395,-4006.43,0.968987,0.574904,0.2218
38150000,1,0.0402036,-4010.4,0.260615,0.610573,0.227733
38200000,1,-0.19223,-4006.6,0.504821,0.586457,0.2184
38250000,1,-1.14158,-4006.42,1.4703,0.584693,0.227367
38300000,1,-0.163173,-4008.13,0.460649,0.550716,0.2176
38350000,1,-0.0964558,-4012.41,0.377198,0.601079,0.21795
38400000,1,-0.847766,-4007.1,1.14326,0.564126,0.2116
38450000,1,0.0323427,-4008.08,0.279133,0.555399,0.2111
38500000,1,-0.606513,-4009.06,0.940186,0.591498,0.21755
38550000,2,-0.450862,-4016.6,0.521927,0.562491,0.222
38600000,1,-0.972597,-4012.44,1.22133,0.544096,0.2185
38650000,1,0.135977,-4006.85,0.177369,0.563602,0.2376
38700000,1,-0.373087,-4007.57,0.642437,0.58055,0.2221
38750000,2,-2.67305,-4004.95,3.40976,0.582622,0.21725
38800000,1,-0.549762,-4007.62,0.835129,0.589581,0.2203
38850000,1,-0.424226,-4008.68,0.784173,0.567774,0.21515
38900000,1,-1.16374,-4007.78,1.5096,0.593097,0.2194
38950000,3,-1.494,-4009.59,0.636099,0.5795,0.22345
39000000,1,0.0798802,-4007.49,0.203809,0.56898,0.2063
39050000,3,-1.19492,-4002.93,1.67176,0.561942,0.23325
39100000,1,-0.0391129,-4008.88,0.404621,0.578995,0.2217
39150000,1,-0.0617517,-4006.22,0.36449,0.583811,0.226433
39200000,1,-1.75135,-4008.8,2.03536,0.548365,0.21635
39250000,2,-1.16674,-4002,1.97538,0.600959,0.2378
39300000,3,-0.661616,-3993.63,1.83578,0.57213,0.2259
39350000,1,-0.489943,-4007.14,0.791353,0.554738,0.221567
39400000,1,-1.895,-4007.98,2.14542,0.579059,0.220233
39450000,1,-0.917448,-4008.99,1.22738,0.556485,0.212733
39500000,1,0.148517,-4009.35,0.157821,0.562189,0.23085
39550000,3,-1.19184,-3993.31,2.32095,0.576993,0.25755
39600000,1,-1.43877,-4010.82,1.69792,0.61515,0.2446
39650000,3,-1.32374,-3994.74,1.1075,0.574149,0.2624
39700000,1,0.213153,-4010.21,0.123893,0.600241,0.2275
39750000,1,-0.421369,-4006.59,0.738695,0.569124,0.219281
39800000,1,0.164787,-4007.31,0.17301,0.585859,0.2147
39850000,2,-1.48451,-4007.21,2.04437,0.579867,0.215567
39900000,1,-1.70989,-4007.06,2.03263,0.589457,0.218667
39950000,1,-0.376145,-4009.21,0.687118,0.549858,0.2339
40000000,1,-1.60151,-4009.67,1.84829,0.591144,0.215556
40050000,1,-0.32907,-4009.86,0.658811,0.6043,0.2071
40100000,1,-0.876535,-4009.04,1.18565,0.581109,0.2239
40150000,1,0.0799934,-4006.26,0.230833,0.583472,0.2129
40200000,2,-2.97789,-4003.53,3.04799,0.569255,0.21744
40250000,1,-3.27995,-4007.57,3.52943,0.570447,0.21775
40300000,1,-0.596031,-4009.29,0.885932,0.609586,0.198
40350000,2,-1.7191,-4011.25,2.05902,0.586955,0.230275
40400000,1,-1.03854,-4008.03,1.33892,0.568972,0.2254
40450000,1,-1.49542,-4008.07,1.78792,0.573318,0.219522
40500000,2,-0.499044,-4008.39,0.697326,0.566933,0.2315
40550000,2,-3.99691,-4001.94,3.47018,0.582705,0.2207
40600000,1,-0.894251,-4007.63,1.21702,0.580771,0.215067
40650000,1,-0.291276,-4011.11,0.609433,0.554347,0.2191
40700000,1,-2.21527,-4010.42,2.57239,0.567847,0.21955
40750000,1,0.145724,-4006.34,0.160865,0.580054,0.2082
40800000,4,-5.58647,-3999.99,2.90315,0.590977,0.212211
40850000,1,0.0307502,-4009.81,0.302373,0.59237,0.2243
40900000,2,-2.8786,-4004.76,2.79728,0.549672,0.21915
40950000,2,-1.86913,-4007.68,0.900553,0.572301,0.2124
41000000,1,-0.0839723,-4007.84,0.342261,0.566551,0.221133
41050000,1,-0.05222,-4008.58,0.317201,0.576345,0.21795
41100000,1,-0.638741,-4008.26,0.894564,0.598142,0.21885
41150000,2,-1.51795,-4011.64,1.74803,0.593377,0.2232
41200000,2,-1.69333,-4009.5,2.3061,0.614688,0.221
41250000,2,-0.994591,-4002.96,0.0962438,0.562724,0.221833
41300000,2,-0.790336,-4005.45,1.5129,0.569269,0.219171
41350000,1,-0.417388,-4006.96,0.710174,0.571253,0.2339
41400000,1,-0.0178078,-4006.29,0.312259,0.562837,0.2084
41450000,1,0.0622629,-4008.41,0.250943,0.563532,0.224844
41500000,1,-0.826114,-4006.78,1.13919,0.563088,0.2117
41550000,2,-1.66542,-4004.44,0.724935,0.602211,0.2158
41600000,1,-2.29305,-4009.59,2.57575,0.564137,0.217567
41650000,1,-3.10169,-4006.11,3.40673,0.57374,0.221975
41700000,1,-1.07471,-4009.14,1.37203,0.617414,0.22155
41750000,1,-0.640668,-4008.45,0.907353,0.589361,0.23095
41800000,2,-2.49051,-4005.13,2.21672,0.553394,0.250175
41850000,2,-1.82892,-4005.09,1.58825,0.56446,0.2156
41900000,2,-1.74755,-4002.2,1.02502,0.566449,0.22285
41950000,2,-0.204486,-4002.35,0.680277,0.589277,0.218792
42000000,1,-0.0302588,-4008.8,0.31468,0.590534,0.222633
42050000,1,-0.566326,-4006.27,0.865027,0.568395,0.218225
42100000,1,-0.541669,-4006.37,0.851778,0.570815,0.2587
42150000,3,-1.08702,-4007.07,1.45475,0.591794,0.2244
42200000,3,-2.42109,-4011.11,2.11695,0.561777,0.2288
42250000,2,-1.07679,-4010.05,0.989917,0.542505,0.222825
42300000,1,-0.272297,-4007.02,0.557386,0.558391,0.216325
42350000,1,-0.53258,-4006.81,0.840189,0.589205,0.2149
42400000,2,-1.30666,-4002.13,1.96528,0.567246,0.2265
42450000,1,-0.160185,-4006.53,0.494689,0.574097,0.218954
42500000,1,-0.186955,-4006.38,0.469034,0.582714,0.22205
42550000,1,-1.92272,-4009.39,2.20345,0.608554,0.2135
42600000,2,-2.99709,-4004.45,3.04679,0.547692,0.20905
42650000,1,-0.373822,-4011.06,0.635941,0.545287,0.2248
42700000,1,-2.72141,-4007.3,3.01906,0.579044,0.24695
42750000,1,-0.738041,-4006.03,1.03397,0.571751,0.2127
42800000,2,-1.86879,-4005.12,1.27091,0.562371,0.221809
42850000,1,-1.90153,-4008.27,2.21567,0.586069,0.2192
42900000,3,-3.56612,-4000.18,3.74194,0.552829,0.228186
42950000,2,-2.34718,-4009.24,0.478105,0.625795,0.221333
43000000,1,-0.0162679,-4006.89,0.307121,0.576134,0.2186
43050000,1,-0.0436074,-4011.9,0.407262,0.622675,0.2204
43100000,1,-0.904413,-4005.93,1.22114,0.571472,0.21765
43150000,1,-0.474018,-4008.1,0.811995,0.600751,0.196
43200000,1,-0.181883,-4007.35,0.516111,0.595537,0.212
43250000,3,-2.76285,-3998.41,1.9402,0.575419,0.2186
43300000,1,-1.16228,-4008.26,1.48952,0.591124,0.2049
43350000,1,-1.03391,-4014.88,1.26888,0.560673,0.220467
43400000,3,-0.178576,-4000.01,1.39436,0.558381,0.2444
43450000,2,-1.60137,-4003.47,1.99428,0.574084,0.2133
43500000,2,-3.58088,-4003.37,1.32034,0.565941,0.2211
43550000,2,-2.47336,-4006.56,2.39021,0.571285,0.21
43600000,1,-1.67481,-4007.31,1.94601,0.567958,0.22415
43650000,1,-0.299776,-4006.98,0.589757,0.570427,0.218496
43700000,1,-1.04363,-4007.79,1.35166,0.564279,0.217633
43750000,1,-0.632015,-4007.7,0.91935,0.604188,0.226429
43800000,2,-1.68701,-4002.49,1.07257,0.578958,0.213
43850000,2,-0.137185,-4003.97,0.389974,0.57478,0.2126
43900000,1,-0.231662,-4007.27,0.511032,0.570673,0.207
43950000,3,-3.8603,-3998.65,2.82809,0.546893,0.233367
44000000,2,-1.72281,-4011.77,1.57583,0.594552,0.243367
44050000,1,-0.858799,-4006.96,1.12264,0.580801,0.21
44100000,1,0.179386,-4006.88,0.114494,0.571952,0.2158
44150000,1,-0.0205238,-4012.8,0.42512,0.589545,0.225269
44200000,1,-0.103365,-4007.12,0.383704,0.587749,0.2064
44250000,2,-1.80617,-4012.32,1.91789,0.607904,0.203
44300000,3,-1.04599,-4004.49,1.61532,0.611887,0.2221
44350000,1,0.107289,-4007.67,0.187562,0.600024,0.215625
44400000,2,-0.585616,-4008.7,1.2103,0.582742,0.224783
44450000,1,-2.0183,-4006.93,2.29786,0.570597,0.222283
44500000,1,-1.10012,-4013.13,1.4942,0.566318,0.226856
44550000,1,-0.288501,-4008.3,0.53477,0.562745,0.2116
44600000,2,-1.10782,-4008.14,0.892334,0.564278,0.22395
44650000,1,0.149943,-4006.94,0.153507,0.563449,0.2069
44700000,3,-3.51584,-4005.79,2.87235,0.54138,0.2394
44750000,1,-0.372017,-4008.01,0.709746,0.602261,0.21976
44800000,2,-1.43822,-4011.24,1.22215,0.571838,0.22345
44850000,2,-2.81952,-4006.25,1.97625,0.603386,0.225
44900000,1,-0.448241,-4013.64,0.756512,0.593855,0.2252
44950000,2,0.149472,-4003.6,0.479858,0.615915,0.21365
45000000,1,-1.42386,-4006.24,1.70495,0.57288,0.22145
45050000,2,-0.257,-4005.13,0.551968,0.597435,0.2179
45100000,1,-0.0264738,-4008.02,0.291729,0.559819,0.2199
45150000,1,0.222771,-4008.42,0.134845,0.574807,0.2201
45200000,1,-5.07541,-4007.54,5.40847,0.597013,0.2226
45250000,1,-0.222627,-4008.78,0.514086,0.594303,0.210875
45300000,1,-1.45144,-4007.49,1.78496,0.60046,0.21285
45350000,1,-0.100538,-4009.23,0.416389,0.554154,0.22255
45400000,1,0.0042792,-4008.44,0.232693,0.570203,0.2185
45450000,1,-0.18953,-4008.9,0.438382,0.560565,0.2229
45500000,1,-0.486745,-4008.77,0.807199,0.584667,0.225367
45550000,1,-1.17918,-4009.9,1.48394,0.554529,0.216633
45600000,1,-0.527908,-4015.1,0.728215,0.558454,0.2198
45650000,1,-0.850308,-4008.36,1.2131,0.571298,0.220943
45700000,1,-0.0190131,-4007.24,0.306531,0.575909,0.219515
45750000,2,-0.193573,-4003.5,0.234152,0.581106,0.230914
45800000,1,-1.09402,-4007.15,1.43606,0.56141,0.2308
45850000,2,-1.56616,-4009.03,2.12981,0.553445,0.2077
45900000,2,-1.33228,-4000.32,1.97388,0.580239,0.241
45950000,1,-1.4192,-4007.57,1.70307,0.576527,0.2235
46000000,3,-4.4939,-4006.41,3.51339,0.566678,0.21425
46050000,1,-0.329189,-4007.76,0.628203,0.599052,0.21525
46100000,2,-1.13386,-4011.84,1.75546,0.539696,0.2422
46150000,3,-3.60364,-4005.09,2.92138,0.562886,0.2253
46200000,3,-2.08861,-4003.67,2.05469,0.553587,0.2603
46250000,2,-0.265815,-4003.98,0.567476,0.586241,0.2239
46300000,1,-0.201126,-4008.1,0.477892,0.560268,0.2252
46350000,1,0.0611337,-4010.6,0.169495,0.594216,0.229125
46400000,1,-0.123976,-4007.59,0.451979,0.566349,0.222243
46450000,1,-1.31433,-4006.48,1.602,0.581251,0.22455
46500000,1,0.0251177,-4007.17,0.303276,0.598268,0.2516
46550000,2,-1.12371,-4003.07,0.837796,0.557821,0.2226
46600000,1,-2.36877,-4009.98,2.64036,0.543659,0.2196
46650000,1,-0.909757,-4009.21,1.18546,0.591651,0.2106
46700000,1,-1.3783,-4009.13,1.62936,0.582659,0.214
46750000,1,-1.01165,-4006.79,1.34849,0.561604,0.2311
46800000,3,-1.46493,-3994.34,2.55682,0.582729,0.2558
46850000,1,-1.22184,-4007.68,1.50071,0.553544,0.23685
46900000,1,-1.59993,-4009.28,1.9061,0.557421,0.228233
46950000,1,-0.653795,-4007.94,0.936713,0.550562,0.2154
47000000,1,-1.90101,-4008.31,2.18527,0.588038,0.2194
47050000,2,-0.562925,-4007.07,1.05183,0.603632,0.2203
47100000,1,-0.410904,-4007.33,0.750769,0.569332,0.225225
47150000,1,-0.40745,-4008.49,0.675521,0.580385,0.22374
47200000,1,-0.831127,-4008.54,1.09723,0.560584,0.2187
47250000,1,-0.334714,-4010.31,0.602016,0.553295,0.224167
47300000,2,-2.90793,-4007.99,3.07621,0.589161,0.217214
47350000,1,-0.811876,-4008,1.13839,0.580163,0.2111
47400000,1,-0.0500257,-4007.65,0.393306,0.585672,0.2133
47450000,3,-2.97275,-4005.87,1.29668,0.573272,0.222525
47500000,1,-2.31797,-4007.46,2.61077,0.564425,0.2128
47550000,2,-3.53605,-4006.39,3.28285,0.570274,0.2229
47600000,1,-0.826052,-4007.79,1.15458,0.59745,0.2203
47650000,1,-1.07851,-4007.37,1.39586,0.564245,0.217883
47700000,2,-4.85545,-4004.77,4.83136,0.579799,0.2178
47750000,2,-0.852193,-4007.76,0.221567,0.596805,0.218667
47800000,1,-3.01723,-4006.25,3.32655,0.570964,0.21935
47850000,2,-1.59409,-4005.33,0.877761,0.566187,0.2137
47900000,2,-3.73407,-4004.85,3.88355,0.590328,0.2217
47950000,1,-1.83786,-4006.63,2.15413,0.584145,0.2256
48000000,5,-2.78991,-3992.86,3.01034,0.600335,0.2252
48050000,1,-0.598543,-4008.96,0.891853,0.562915,0.2089
48100000,3,-0.761689,-3999.94,1.40415,0.58258,0.2255
48150000,1,0.0767484,-4007.18,0.270599,0.578561,0.2135
48200000,1,-0.380053,-4006.4,0.711186,0.566203,0.2239
48250000,1,-0.359665,-4008.58,0.666044,0.5514,0.2282
48300000,1,-0.741707,-4010.41,1.06734,0.604736,0.216367
48350000,3,-3.28625,-4008.1,1.48534,0.611406,0.2061
48400000,1,-2.22763,-4018.35,2.44692,0.537289,0.2021
48450000,2,-0.903669,-4007.08,0.961653,0.565476,0.2045
48500000,3,-1.99132,-4005.41,1.6613,0.563698,0.22555
48550000,2,-3.67532,-4009.33,4.30222,0.596071,0.2226
48600000,4,0.180865,-3992.13,1.17571,0.568525,0.2528
48650000,5,-3.1293,-3986.11,2.88995,0.562175,0.2585
48700000,4,-6.46722,-4001.39,1.62704,0.575625,0.2239
48750000,1,-0.603796,-4007.01,0.897329,0.591644,0.2335
48800000,1,-0.0731696,-4007.39,0.368218,0.570313,0.2147
48850000,1,-1.18839,-4007.71,1.49904,0.582753,0.2205
48900000,3,-2.58286,-3996.98,2.36493,0.55264,0.2317
48950000,2,-1.23025,-4010.82,1.14768,0.552914,0.236
49000000,3,-2.71546,-4005.73,1.76702,0.567433,0.221445
49050000,1,-0.659596,-4008.03,1.00101,0.599902,0.22625
49100000,1,-0.017694,-4009.25,0.366224,0.581493,0.21755
49150000,3,-2.71855,-4000.1,2.20616,0.595875,0.2223
49200000,1,-0.531634,-4006.28,0.822427,0.583861,0.2213
49250000,1,-0.038407,-4008.94,0.319044,0.576807,0.21345
49300000,1,-1.0881,-4007.43,1.40309,0.574739,0.215192
49350000,2,-4.7377,-4004.44,5.02412,0.553431,0.2264
49400000,4,-3.13883,-3997.09,2.7324,0.576236,0.22545
49450000,1,0.0531247,-4006.93,0.256334,0.55664,0.222925
49500000,1,-0.107273,-4006.94,0.400327,0.568432,0.222913
49550000,1,-2.02757,-4008.37,2.28779,0.551814,0.2102
49600000,1,-0.596884,-4006.45,0.912942,0.562437,0.23315
49650000,1,-1.03914,-4008.26,1.33538,0.558742,0.221475
49700000,1,-0.829866,-4008.7,1.14395,0.580237,0.2125
49750000,1,-0.057096,-4009.13,0.350134,0.580641,0.21285
49800000,4,-2.45824,-3994.94,1.39873,0.571048,0.2757
49850000,2,-2.42112,-4007.43,2.19307,0.590113,0.21
49900000,2,-0.387177,-4005.38,0.794015,0.586925,0.214275
49950000,3,-3.58679,-4003.86,2.36837,0.582039,0.224586
