generation,N_shifts,logPrior,logLik,eventRate,preservationRate,acceptRate
0,0,-1,-6672.3,1,0.43,0
50000,1,-1.05671,-3844.98,1.42804,0.630605,0.21515
100000,2,-2.03847,-3839.79,2.83638,0.590281,0.2399
150000,1,0.120284,-3845.02,0.237502,0.61327,0.1996
200000,2,-0.510955,-3833.37,1.41941,0.589088,0.2384
250000,2,-0.18528,-3834.28,1.08559,0.632016,0.24244
300000,1,0.0148832,-3845.31,0.37858,0.611088,0.230052
350000,2,0.145514,-3834.41,0.734767,0.622087,0.2417
400000,2,-0.199829,-3835.41,1.16103,0.632428,0.2443
450000,1,0.12279,-3847.53,0.240291,0.655256,0.206967
500000,3,-1.19418,-3834.9,2.15927,0.583853,0.24075
550000,2,-0.0135759,-3841.47,0.820018,0.646528,0.2278
600000,1,-0.36205,-3847.05,0.701118,0.597943,0.21318
650000,2,-0.411711,-3834.82,1.26703,0.589499,0.2564
700000,2,-1.11348,-3833.64,1.98791,0.607528,0.228
750000,2,0.128061,-3834.62,0.788582,0.601239,0.2391
800000,2,-2.1562,-3832.66,3.06708,0.588129,0.2421
850000,3,-2.42614,-3830.4,3.83409,0.581949,0.244033
900000,2,0.302997,-3833.86,0.600823,0.620327,0.2385
950000,2,-1.90356,-3833.96,2.81151,0.603536,0.2356
1000000,3,0.297619,-3830.29,0.940148,0.634248,0.24305
1050000,2,0.43082,-3836.54,0.344418,0.622251,0.2503
1100000,2,0.546717,-3837.27,0.266085,0.65192,0.237
1150000,2,-1.46343,-3832.6,2.42122,0.607435,0.249567
1200000,2,-0.919649,-3832.6,1.83716,0.618534,0.2485
1250000,2,0.0835112,-3831.24,0.794272,0.603004,0.243333
1300000,2,-1.65572,-3832.94,2.63026,0.625029,0.2409
1350000,2,-0.116084,-3837.13,0.843118,0.60235,0.229
1400000,2,-0.235308,-3833.93,1.2595,0.603379,0.244
1450000,2,-0.816331,-3836.14,1.57758,0.614967,0.242
1500000,2,-0.785193,-3834.72,1.81759,0.617947,0.2453
1550000,2,-1.34357,-3833.46,2.25189,0.622305,0.2424
1600000,2,-0.576955,-3833.02,1.48523,0.590755,0.2347
1650000,3,0.431748,-3829.75,0.941802,0.611861,0.235795
1700000,2,-0.728747,-3832.13,1.63596,0.597996,0.243614
1750000,3,-1.63233,-3833.14,2.51287,0.618482,0.244167
1800000,3,-0.688745,-3832.78,1.80902,0.616229,0.2452
1850000,2,-0.400781,-3836.64,1.18281,0.591074,0.2388
1900000,0,-0.00600453,-3864.11,0.00600453,0.64278,0.2451
1950000,2,-0.207667,-3835.48,1.15398,0.64235,0.2445
2000000,2,0.462617,-3832.41,0.435079,0.606877,0.229
2050000,3,-0.791469,-3834.36,0.974521,0.587971,0.24515
2100000,2,0.640029,-3833.85,0.226878,0.60925,0.2415
2150000,4,-0.745113,-3833.21,1.86671,0.607718,0.24416
2200000,2,-1.31269,-3833.18,2.22695,0.636197,0.23035
2250000,2,0.668661,-3834.28,0.296505,0.602431,0.2411
2300000,2,0.487591,-3832.87,0.424059,0.601657,0.24585
2350000,3,-0.681807,-3838.42,1.87209,0.602492,0.2303
2400000,1,-1.45447,-3843.67,1.85034,0.606786,0.236353
2450000,4,-2.37074,-3830.11,1.66075,0.613705,0.239
2500000,2,-1.76568,-3845.23,0.677205,0.597178,0.232175
2550000,1,-0.585101,-3849.09,1.05773,0.602726,0.243192
2600000,2,-1.03167,-3844.66,1.8809,0.605205,0.2619
2650000,1,-0.00318671,-3845.43,0.387145,0.629769,0.2494
2700000,2,0.206914,-3835.42,0.64535,0.597005,0.2383
2750000,2,0.623396,-3834.23,0.32916,0.63882,0.2284
2800000,2,-1.33919,-3834.78,2.18694,0.576755,0.221775
2850000,2,0.359833,-3833.9,0.499471,0.613058,0.253343
2900000,2,-0.719066,-3833.98,1.60775,0.605364,0.244267
2950000,3,-0.413601,-3830.81,0.755396,0.607986,0.2392
3000000,4,-3.84479,-3829.62,4.35604,0.611915,0.2432
3050000,3,-0.0274649,-3828.43,1.44228,0.609982,0.24768
3100000,2,-0.630486,-3835.32,1.65042,0.591863,0.2461
3150000,2,-0.249606,-3836.25,1.03648,0.605457,0.24305
3200000,2,-0.451756,-3834.87,1.29838,0.579833,0.2349
3250000,4,-2.86709,-3828.75,2.83668,0.658044,0.2358
3300000,3,0.0960414,-3831.4,0.984951,0.588634,0.24615
3350000,2,0.0661684,-3832.86,0.797967,0.612012,0.243867
3400000,2,-2.46496,-3832.12,3.33157,0.597248,0.238
3450000,2,-0.565263,-3831.87,1.47186,0.6222,0.2412
3500000,3,0.574525,-3834.68,0.370322,0.614722,0.2533
3550000,3,-0.437913,-3831.94,1.22256,0.604178,0.223252
3600000,2,-3.40608,-3843.49,3.54528,0.59256,0.240027
3650000,2,0.0598938,-3836.81,0.742897,0.573796,0.2287
3700000,3,-1.42121,-3831.52,2.67521,0.611099,0.2261
3750000,2,-1.68031,-3833.79,2.60653,0.604462,0.24575
3800000,2,-0.967058,-3833.73,1.93495,0.610808,0.2532
3850000,2,-1.04004,-3832.76,1.87525,0.602433,0.2453
3900000,2,-0.895637,-3839.01,1.72417,0.576714,0.243592
3950000,2,-0.160229,-3837.46,0.961083,0.633192,0.251
4000000,2,0.128064,-3832.8,0.809334,0.637856,0.2484
4050000,2,0.0518903,-3834.42,0.887748,0.60376,0.2395
4100000,2,-0.340726,-3833.69,1.31489,0.628516,0.23805
4150000,2,-1.15046,-3843.97,1.84432,0.625665,0.2402
4200000,3,0.24617,-3835.06,1.07853,0.612457,0.2296
4250000,2,0.515186,-3836.27,0.348306,0.583082,0.2383
4300000,3,-0.536007,-3832.93,1.55407,0.625514,0.2415
4350000,2,-0.523421,-3834.87,1.50968,0.625717,0.2427
4400000,2,-1.80158,-3834.31,2.62472,0.615527,0.241167
4450000,2,0.273628,-3834.23,0.597717,0.587667,0.2275
4500000,2,-0.39876,-3837.48,1.31942,0.607346,0.2313
4550000,2,-1.20066,-3839.01,1.97323,0.607017,0.2534
4600000,2,-0.0384731,-3832.45,0.86718,0.627118,0.2369
4650000,3,-1.33116,-3829.95,1.15054,0.613211,0.240878
4700000,3,-0.500572,-3832.87,0.179856,0.60602,0.23225
4750000,3,-0.56099,-3839.23,1.43719,0.622064,0.236
4800000,2,-1.19049,-3846.51,1.59625,0.5927,0.2111
4850000,2,0.744059,-3832.18,0.133644,0.603622,0.239921
4900000,2,-0.429561,-3836.01,1.21296,0.616144,0.2382
4950000,2,-1.60682,-3834.12,2.43796,0.621243,0.222236
5000000,2,-0.55202,-3834.91,1.49191,0.61622,0.23795
5050000,1,-1.1947,-3844.63,1.56107,0.62223,0.22484
5100000,2,0.464102,-3834.48,0.359926,0.612419,0.2321
5150000,1,-0.510034,-3847.39,0.844938,0.622899,0.223075
5200000,4,-1.76286,-3828.96,0.721517,0.577217,0.243133
5250000,2,-1.27682,-3835,2.30572,0.589156,0.243233
5300000,2,-0.332984,-3833.43,1.31257,0.614903,0.23955
5350000,3,-1.68009,-3832.72,2.47239,0.594697,0.2442
5400000,2,-1.38101,-3832.74,2.37365,0.595935,0.2408
5450000,2,-2.58937,-3837.03,3.48348,0.621734,0.242533
5500000,2,-1.3763,-3834.02,2.23844,0.600698,0.23465
5550000,2,0.455404,-3836.07,0.503817,0.578585,0.239
5600000,2,-0.893644,-3833.67,1.74901,0.636961,0.2528
5650000,3,-1.20175,-3830.36,1.38743,0.620522,0.2385
5700000,2,0.0207422,-3832.3,0.930887,0.616299,0.237467
5750000,4,0.742936,-3836.14,1.08177,0.595362,0.24865
5800000,2,-0.253371,-3833.07,1.11721,0.614423,0.23406
5850000,2,-1.04853,-3833.59,1.85331,0.608885,0.2504
5900000,2,0.231725,-3832.9,0.641848,0.597589,0.2426
5950000,3,-2.37767,-3833.02,1.81947,0.609475,0.2488
6000000,2,-2.15185,-3837.24,2.95473,0.59745,0.2399
6050000,2,-0.334333,-3832.17,1.21779,0.590654,0.2504
6100000,2,-0.651477,-3833.56,1.63069,0.586359,0.245267
6150000,2,0.322729,-3835.81,0.606844,0.577345,0.2404
6200000,1,-0.123885,-3847.41,0.531731,0.583804,0.232206
6250000,3,-0.25147,-3831.55,1.02976,0.609235,0.249533
6300000,3,-0.428865,-3832.48,1.11341,0.604671,0.2464
6350000,2,-2.54562,-3836.73,3.39467,0.609516,0.2332
6400000,3,-0.35039,-3839.77,1.55121,0.573456,0.24085
6450000,2,0.188913,-3836.9,0.807143,0.579701,0.241217
6500000,2,0.181768,-3837.79,0.676898,0.604696,0.24115
6550000,2,-1.78367,-3832.06,2.69757,0.626016,0.243925
6600000,2,0.0927203,-3837.11,0.696646,0.619593,0.2456
6650000,3,-1.75182,-3834.51,2.41132,0.590265,0.25185
6700000,3,-0.289274,-3835.65,1.34581,0.594292,0.24715
6750000,2,-1.82359,-3835.89,2.76942,0.64642,0.2326
6800000,2,-2.14198,-3832.69,2.98002,0.58899,0.23765
6850000,2,-1.45717,-3834.19,2.27387,0.585387,0.238
6900000,2,-0.401454,-3832.35,1.29056,0.619541,0.2366
6950000,1,-0.230821,-3845.37,0.629755,0.63029,0.2101
7000000,2,-1.16275,-3852.3,1.04813,0.584525,0.25425
7050000,2,-2.42898,-3835.6,3.27712,0.589917,0.2418
7100000,2,-3.67547,-3836.16,4.57132,0.617662,0.2491
7150000,2,-1.89119,-3835.95,2.84937,0.657958,0.24
7200000,2,0.380441,-3839.96,0.56699,0.657429,0.23265
7250000,3,-1.17977,-3831.25,2.04789,0.62006,0.2404
7300000,3,-1.1247,-3838.19,1.57728,0.594116,0.255
7350000,2,0.0300237,-3837.48,0.802633,0.615878,0.241967
7400000,2,-1.73313,-3833.29,2.52055,0.615131,0.246067
7450000,2,-0.315653,-3833.15,1.21423,0.618055,0.2466
7500000,2,-1.72718,-3836.38,2.60467,0.645066,0.252533
7550000,2,-1.86697,-3833.02,2.83813,0.608595,0.2468
7600000,2,-0.0440718,-3835.26,0.921519,0.611842,0.2304
7650000,2,-2.38843,-3833.78,3.26574,0.618119,0.2471
7700000,2,-2.56114,-3838.45,3.39425,0.630188,0.2427
7750000,2,-0.117191,-3835.77,0.981249,0.618805,0.2462
7800000,3,-2.73203,-3830.12,4.13656,0.608176,0.239883
7850000,2,-0.768329,-3836.52,1.6865,0.611391,0.2364
7900000,2,-0.243753,-3836.22,1.07307,0.606788,0.2324
7950000,2,-1.18609,-3834.03,2.11597,0.613264,0.2321
8000000,2,0.303402,-3833.88,0.688065,0.607102,0.2522
8050000,3,-2.29654,-3833.68,2.02547,0.587592,0.2399
8100000,2,0.272554,-3833.92,0.585181,0.616022,0.243317
8150000,2,-0.238317,-3834.11,1.19491,0.606417,0.237967
8200000,2,-0.0325521,-3831.56,0.939929,0.599439,0.2475
8250000,3,-1.25758,-3832.35,1.87232,0.620166,0.2404
8300000,1,0.125491,-3844.79,0.211085,0.61503,0.2362
8350000,2,-0.521326,-3842.57,0.817359,0.599383,0.2052
8400000,2,0.290515,-3839.81,0.616791,0.636581,0.2437
8450000,1,-0.293184,-3846.66,0.587019,0.595057,0.2153
8500000,2,-1.61376,-3833.1,2.427,0.615448,0.24455
8550000,2,-0.705706,-3834.82,1.59419,0.594426,0.247178
8600000,2,-2.46421,-3834.51,3.39265,0.608652,0.2462
8650000,4,-0.830836,-3836.36,1.2702,0.58651,0.24405
8700000,2,-0.101817,-3837.25,0.957471,0.586919,0.2289
8750000,1,-0.318906,-3845.15,0.726463,0.626926,0.208233
8800000,2,0.256553,-3837.77,0.713508,0.626298,0.24195
8850000,2,-0.15582,-3836.09,1.18635,0.623613,0.2484
8900000,2,-0.0417697,-3835.47,0.923192,0.609701,0.2286
8950000,1,-0.53882,-3845.98,0.84579,0.594049,0.213933
9000000,2,-1.19513,-3834.27,2.09665,0.611257,0.238
9050000,1,0.0663828,-3848.05,0.374363,0.593931,0.216186
9100000,2,-1.44188,-3834.78,2.33012,0.583798,0.2409
9150000,2,-2.25932,-3840.67,2.97515,0.603798,0.24805
9200000,3,0.596302,-3830.84,0.708464,0.610708,0.242
9250000,2,-1.6267,-3834.63,2.55433,0.603995,0.2318
9300000,2,0.0616808,-3833.21,0.89792,0.62473,0.2485
9350000,1,-1.89043,-3850.92,2.373,0.579484,0.255325
9400000,3,-2.12919,-3831.97,2.9148,0.624645,0.2261
9450000,2,-0.946942,-3833.05,1.89945,0.587026,0.2373
9500000,2,-0.337662,-3833.01,1.12219,0.6001,0.24
9550000,2,-0.649814,-3838.65,1.45447,0.614123,0.247825
9600000,1,-0.477461,-3852.53,0.757944,0.586232,0.236125
9650000,4,-2.09535,-3828.68,2.42654,0.617096,0.2309
9700000,1,-0.810585,-3847.33,1.18192,0.593611,0.214725
9750000,2,-0.823889,-3833.73,1.66609,0.637764,0.243133
9800000,1,-0.784276,-3848.77,1.14592,0.612516,0.215471
9850000,2,0.00612227,-3833.45,0.933976,0.607358,0.244125
9900000,2,-0.0994836,-3837.38,1.00475,0.634807,0.2371
9950000,2,-0.974004,-3834.83,1.78419,0.643985,0.235133
10000000,2,0.736974,-3832.41,0.238478,0.585833,0.256411
10050000,2,-1.45576,-3833.87,2.26735,0.610729,0.238871
10100000,3,-0.799298,-3833.13,1.43803,0.623952,0.2422
10150000,2,-2.21373,-3831.88,3.11467,0.616198,0.2407
10200000,3,0.175001,-3832.99,0.696836,0.616287,0.2408
10250000,2,-0.178617,-3834.57,0.924118,0.605938,0.24735
10300000,2,-1.51402,-3833.45,2.42226,0.632207,0.24024
10350000,2,-1.36741,-3832.44,2.2889,0.611072,0.24625
10400000,2,-0.520862,-3836.2,1.44364,0.644524,0.246875
10450000,2,-0.568267,-3833.1,1.52023,0.611704,0.244583
10500000,2,0.233496,-3833.42,0.686495,0.582069,0.24498
10550000,2,-1.3042,-3839.26,2.21537,0.624114,0.246136
10600000,2,-0.0857415,-3834,1.0259,0.569206,0.24605
10650000,2,0.125151,-3837.25,0.647192,0.595016,0.2401
10700000,2,-0.248924,-3831.07,1.12072,0.603582,0.2486
10750000,2,0.0710345,-3833.6,0.772297,0.584409,0.2393
10800000,2,-0.169724,-3836.34,1.19342,0.643103,0.23608
10850000,2,-0.286449,-3834.64,1.27859,0.622636,0.245967
10900000,2,0.269144,-3834.47,0.637393,0.627049,0.2359
10950000,2,0.225639,-3836.52,0.640066,0.626935,0.2474
11000000,2,-1.85817,-3834.29,2.83607,0.621626,0.242053
11050000,2,-2.02781,-3836.2,2.9907,0.627829,0.24705
11100000,2,-0.0856157,-3836.1,0.9088,0.613349,0.24715
11150000,4,-3.31286,-3831.5,3.62311,0.608941,0.2363
11200000,4,-0.060882,-3830.03,1.6527,0.616267,0.2441
11250000,2,-1.15945,-3834.1,2.18683,0.60856,0.2277
11300000,3,-0.774398,-3830.61,2.15917,0.584721,0.240537
11350000,2,0.457081,-3833.16,0.40462,0.596491,0.238467
11400000,2,0.153526,-3837.62,0.854287,0.623513,0.24385
11450000,3,-5.01126,-3831.74,6.00953,0.624978,0.243225
11500000,2,-0.302813,-3833.44,1.27395,0.613394,0.246917
11550000,2,-0.791888,-3832.26,1.72941,0.610637,0.2465
11600000,2,-1.79155,-3831.92,2.71574,0.603261,0.249757
11650000,2,-1.25605,-3845.73,0.345729,0.64924,0.218557
11700000,1,-0.571769,-3848.24,0.936015,0.589047,0.22744
11750000,2,0.00611694,-3833.36,0.844204,0.598817,0.2344
11800000,2,-0.439623,-3835.32,1.36577,0.613652,0.2491
11850000,3,-1.34209,-3833.03,2.05968,0.605055,0.2423
11900000,2,-1.39748,-3833.39,2.36826,0.634086,0.239033
11950000,2,-0.727956,-3839.26,1.47018,0.614454,0.240733
12000000,2,-1.10639,-3835.25,1.94798,0.596514,0.249933
12050000,3,-0.190676,-3833.34,1.55289,0.596668,0.2409
12100000,2,-0.320499,-3832.96,1.19116,0.606228,0.24145
12150000,1,-1.47378,-3846.09,1.81379,0.592212,0.220809
12200000,2,-0.78298,-3834.34,1.70629,0.614222,0.24
12250000,2,-0.714176,-3832.55,1.63827,0.61787,0.2373
12300000,2,-0.361116,-3847.35,0.989127,0.574339,0.217988
12350000,1,0.0058901,-3845.91,0.334567,0.62369,0.2171
12400000,1,-0.231257,-3845.04,0.56853,0.595476,0.205833
12450000,1,-0.290125,-3843.92,0.697923,0.60662,0.207633
12500000,2,-0.179821,-3833,1.0972,0.586647,0.2402
12550000,2,-0.129628,-3834.24,1.0211,0.583329,0.2463
12600000,3,-2.08324,-3835.77,2.42181,0.582958,0.23595
12650000,2,-0.516982,-3831.17,1.44192,0.606682,0.2386
12700000,2,-0.680242,-3834.24,1.67128,0.609791,0.245927
12750000,4,0.12741,-3833.51,0.931864,0.637416,0.246025
12800000,2,-1.712,-3832.66,2.61209,0.61002,0.2439
12850000,2,-0.262477,-3835.76,1.08387,0.614506,0.2392
12900000,2,-0.179048,-3833.18,1.17868,0.589052,0.2423
12950000,2,-0.359772,-3849.2,1.11281,0.58913,0.26425
13000000,2,-1.74756,-3834.36,2.57797,0.640495,0.240075
13050000,2,0.0598666,-3832.48,0.836702,0.615962,0.241267
13100000,4,-0.894288,-3834.09,1.40269,0.626203,0.247925
13150000,2,-0.141729,-3833.61,0.972389,0.604914,0.2437
13200000,2,0.467207,-3834.38,0.524269,0.610434,0.23995
13250000,2,0.678488,-3835.39,0.233452,0.599137,0.23845
13300000,2,-1.00096,-3840.02,1.8826,0.610759,0.24742
13350000,2,0.19245,-3834.4,0.650162,0.613829,0.2415
13400000,2,-0.122237,-3832.49,0.985379,0.597364,0.2443
13450000,3,-1.12462,-3833.69,2.59893,0.61731,0.23834
13500000,2,-1.14841,-3834.08,2.02653,0.615932,0.246567
13550000,2,0.0863525,-3834.05,0.732418,0.600001,0.246833
13600000,2,-0.701151,-3834.45,1.51928,0.591042,0.242525
13650000,2,-0.731218,-3832.07,1.5935,0.613388,0.24846
13700000,2,0.0970619,-3832.07,0.900464,0.601741,0.249683
13750000,2,-2.10284,-3832.28,3.06222,0.599555,0.24354
13800000,2,-0.916105,-3833.93,1.86312,0.597643,0.244
13850000,2,-0.106724,-3831.92,1.04615,0.595457,0.2343
13900000,2,-1.88114,-3833.39,2.70392,0.597083,0.244233
13950000,2,-1.47615,-3834.69,2.38068,0.639667,0.2478
14000000,1,-0.0879968,-3848.19,0.485562,0.636656,0.221407
14050000,2,-1.65288,-3832.49,2.61439,0.618813,0.239667
14100000,3,-0.600141,-3831.23,1.86677,0.590916,0.24895
14150000,2,-0.725418,-3833.16,1.61711,0.606886,0.24245
14200000,2,-0.469796,-3832.67,1.40355,0.62891,0.24585
14250000,2,-0.203894,-3832.21,1.1654,0.611371,0.2415
14300000,3,-0.581008,-3833.11,1.68185,0.594351,0.2375
14350000,3,-0.3822,-3831.65,1.35297,0.61155,0.214567
14400000,2,0.281956,-3840.19,0.489605,0.631893,0.2229
14450000,2,0.690486,-3838.01,0.12465,0.594196,0.2498
14500000,2,-1.0423,-3836.15,1.95577,0.62298,0.24622
14550000,2,-0.305895,-3832.73,1.29251,0.610917,0.2448
14600000,2,0.285601,-3832.54,0.698062,0.590095,0.2376
14650000,2,0.537946,-3833.16,0.289346,0.589497,0.2433
14700000,2,0.34876,-3834.47,0.518815,0.602619,0.245
14750000,2,-0.518675,-3832.27,1.44724,0.597662,0.24308
14800000,1,-1.76855,-3847.9,2.11732,0.638675,0.22815
14850000,1,-1.22988,-3844.06,1.61659,0.624805,0.21634
14900000,3,-1.36549,-3838.76,2.43258,0.62964,0.262833
14950000,2,-1.66662,-3833.84,2.57969,0.626393,0.2363
15000000,1,-1.05796,-3847.69,1.53646,0.629174,0.2488
15050000,2,-1.6075,-3835.03,2.54279,0.609593,0.2485
15100000,2,-1.74261,-3833.69,2.73942,0.592965,0.2272
15150000,2,-0.384045,-3832.54,1.2247,0.628743,0.2372
15200000,1,-0.256945,-3847.01,0.550751,0.603754,0.248757
15250000,3,-1.15352,-3832.82,1.67493,0.616381,0.244183
15300000,1,0.0278086,-3849,0.360251,0.665082,0.219244
15350000,2,-0.644269,-3831.81,1.58241,0.625917,0.244914
15400000,2,-0.204488,-3831.44,1.13074,0.623463,0.2371
15450000,3,-2.31585,-3832.2,3.62395,0.608919,0.2413
15500000,2,0.233997,-3833.28,0.708778,0.58534,0.244067
15550000,2,0.711331,-3831.45,0.149816,0.605738,0.2352
15600000,2,-1.38409,-3831.95,2.27135,0.592951,0.2499
15650000,2,-0.113625,-3838.2,0.90788,0.562498,0.2456
15700000,2,-0.468925,-3837.03,1.27549,0.596995,0.2513
15750000,2,-0.553152,-3833.82,1.46769,0.604707,0.2378
15800000,2,-0.717477,-3833.11,1.62864,0.609143,0.221725
15850000,3,-2.12459,-3832.41,2.42305,0.586331,0.237937
15900000,2,-0.864559,-3839.19,1.68602,0.630508,0.246633
15950000,2,-0.321808,-3834.98,1.27449,0.57802,0.2362
16000000,3,-1.93539,-3832.11,3.17501,0.592801,0.2453
16050000,2,-1.11583,-3833.67,2.09198,0.621079,0.24364
16100000,2,-0.888597,-3831.18,1.76687,0.609644,0.2437
16150000,2,0.235062,-3832.31,0.725975,0.612511,0.241025
16200000,2,-1.1249,-3838.82,2.07515,0.60249,0.2367
16250000,2,-2.29743,-3836.69,3.35918,0.605449,0.243
16300000,2,0.639361,-3833,0.387195,0.603011,0.24815
16350000,2,-1.31517,-3834.3,2.17781,0.577572,0.2372
16400000,2,-2.5239,-3831.68,3.39459,0.590223,0.232009
16450000,2,-0.179612,-3832.2,1.17064,0.613232,0.2423
16500000,2,-0.548436,-3831.08,1.49859,0.616001,0.2462
16550000,4,-1.54837,-3831.89,1.40378,0.596764,0.2429
16600000,3,-0.930053,-3832.49,2.3728,0.616604,0.2441
16650000,1,-0.368207,-3847.65,0.649351,0.615524,0.216975
16700000,2,-1.2209,-3835.78,2.01274,0.578632,0.2143
16750000,2,-0.355024,-3832.64,1.19785,0.609006,0.24355
16800000,2,-0.114675,-3834.13,1.08235,0.579407,0.237
16850000,2,-0.0941643,-3832.09,0.961727,0.605893,0.2338
16900000,2,-1.29503,-3831.66,2.16028,0.61871,0.24475
16950000,2,-4.15598,-3834.03,5.04012,0.629484,0.2416
17000000,3,-3.29618,-3829.41,2.92034,0.599402,0.2431
17050000,2,-0.66768,-3836.47,1.61022,0.58565,0.25748
17100000,2,-0.510483,-3834.35,1.35397,0.583331,0.249233
17150000,2,-0.995338,-3834.09,1.96552,0.575867,0.246867
17200000,2,-1.20347,-3831.64,2.09308,0.599644,0.2373
17250000,2,-0.503522,-3831.14,1.45808,0.610678,0.23365
17300000,1,-1.1825,-3848.43,1.56917,0.579397,0.2057
17350000,2,-0.158578,-3831.09,1.05342,0.601264,0.2352
17400000,2,-2.39128,-3833.53,3.28378,0.628495,0.24235
17450000,2,-0.818227,-3841.83,1.59241,0.605393,0.2186
17500000,2,-0.057031,-3836.26,0.832291,0.602021,0.23795
17550000,2,0.602206,-3833.42,0.315114,0.629607,0.2414
17600000,2,0.417847,-3835.44,0.46528,0.618585,0.2478
17650000,2,-0.85564,-3837.41,1.79468,0.588968,0.2309
17700000,2,0.401338,-3833.56,0.567609,0.592644,0.2439
17750000,1,-0.476396,-3848.99,0.775428,0.615452,0.2331
17800000,3,-0.667447,-3835.16,1.40545,0.597617,0.2357
17850000,2,0.221842,-3836.24,0.515514,0.603393,0.2312
17900000,4,-2.58473,-3828.21,3.16609,0.592837,0.24465
17950000,2,0.353144,-3833.74,0.615016,0.60812,0.243233
18000000,2,0.110281,-3835.55,0.730417,0.595752,0.243467
18050000,2,-0.542832,-3832.05,1.44769,0.595706,0.24617
18100000,2,-1.79087,-3831.82,2.67391,0.625081,0.2391
18150000,2,-0.0571887,-3832.43,0.888745,0.595802,0.2391
18200000,1,-1.15197,-3851.81,1.56691,0.572853,0.2598
18250000,2,0.762618,-3834.2,0.248159,0.594043,0.2329
18300000,2,-0.13312,-3837.15,1.07836,0.64452,0.2422
18350000,2,-0.857646,-3832.63,1.83322,0.607182,0.2392
18400000,2,-0.811282,-3832.18,1.66827,0.610773,0.24472
18450000,4,-0.302939,-3831.86,1.42544,0.597346,0.23475
18500000,2,0.115108,-3832.99,0.777336,0.592052,0.244125
18550000,2,-2.14803,-3832.5,3.02115,0.607907,0.2452
18600000,2,-0.34634,-3833.13,1.16483,0.60048,0.2658
18650000,3,0.0366232,-3830.49,1.264,0.587171,0.2336
18700000,2,-1.22159,-3833.64,2.17313,0.612917,0.2433
18750000,1,-0.24802,-3847.31,0.63285,0.635995,0.223067
18800000,2,-2.06389,-3833.22,3.03322,0.622004,0.2307
18850000,2,-0.329705,-3834.92,1.28198,0.613524,0.242425
18900000,2,-0.915436,-3834.97,1.83317,0.612906,0.2368
18950000,4,-2.05795,-3831.55,3.14061,0.6163,0.242025
19000000,2,-0.1421,-3834.29,1.00512,0.610458,0.2365
19050000,2,0.400206,-3836.05,0.623685,0.614319,0.221317
19100000,3,-0.0554312,-3837.06,0.928057,0.628037,0.2331
19150000,2,-1.04218,-3833.25,1.88452,0.612702,0.2346
19200000,4,-3.43669,-3834.84,2.56669,0.62267,0.2391
19250000,2,-0.502127,-3836.49,1.45761,0.595599,0.239667
19300000,2,-1.62656,-3833.06,2.57759,0.599335,0.249131
19350000,2,-0.0351986,-3833.12,0.883387,0.595801,0.24568
19400000,1,0.209292,-3853.33,0.221943,0.629654,0.24604
19450000,3,-0.56966,-3834.27,1.73904,0.599846,0.2578
19500000,2,0.489045,-3835.21,0.506126,0.630287,0.247433
19550000,2,0.682959,-3832.63,0.206211,0.609753,0.2386
19600000,5,-4.01928,-3833.07,4.45102,0.626803,0.2447
19650000,2,-1.1552,-3835.89,1.9958,0.636938,0.2395
19700000,3,-1.14447,-3831.53,2.62934,0.590631,0.2541
19750000,2,0.00145319,-3833.81,0.829183,0.581174,0.248
19800000,2,-0.394389,-3833.44,1.27116,0.597439,0.240757
19850000,2,-0.441519,-3838.48,1.2775,0.646087,0.238
19900000,1,0.301622,-3843.73,0.0639,0.599588,0.221263
19950000,2,-0.351898,-3832.69,1.28929,0.595009,0.24
20000000,2,-1.71142,-3835.98,2.67145,0.624008,0.2443
20050000,2,-2.14674,-3835.93,3.03413,0.653758,0.238033
20100000,2,-0.0086316,-3835.96,0.932084,0.580706,0.249286
20150000,3,-1.62812,-3833.32,2.56407,0.581233,0.2319
20200000,2,-0.740931,-3833.55,1.69503,0.624205,0.250533
20250000,2,0.175338,-3831.52,0.701844,0.620064,0.2424
20300000,2,0.0028348,-3835.28,0.867229,0.601839,0.24005
20350000,1,-0.252821,-3843.87,0.633721,0.605454,0.211533
20400000,1,0.281397,-3844.83,0.131505,0.601413,0.224624
20450000,3,-1.65041,-3838.22,2.05405,0.611469,0.2444
20500000,2,-1.61467,-3847.46,1.97988,0.604852,0.2641
20550000,2,-3.08275,-3833.55,3.91208,0.623057,0.24695
20600000,2,0.442412,-3832.14,0.486968,0.609852,0.242067
20650000,2,-1.17171,-3836.68,2.11491,0.580241,0.23685
20700000,2,-0.548821,-3832.14,1.43532,0.613973,0.2376
20750000,2,-1.43731,-3833.44,2.3741,0.626116,0.2431
20800000,2,0.294131,-3832.64,0.573796,0.625522,0.257348
20850000,2,0.618726,-3835.04,0.184486,0.621449,0.241067
20900000,2,-0.535244,-3836,1.50491,0.596854,0.2488
20950000,2,0.0593485,-3833.89,0.863342,0.601888,0.2393
21000000,2,-1.33288,-3834.1,2.2252,0.592603,0.238
21050000,2,-0.190139,-3837.11,0.990211,0.58239,0.24005
21100000,3,-0.545574,-3831.81,1.52833,0.592596,0.242325
21150000,2,-0.350757,-3838.71,1.15889,0.578672,0.2442
21200000,4,-1.46886,-3832.88,2.66132,0.622802,0.2294
21250000,1,-0.255746,-3844.3,0.61278,0.60149,0.230825
21300000,1,0.0432968,-3845.58,0.382503,0.595084,0.2133
21350000,2,0.720074,-3834.74,0.258308,0.606914,0.235
21400000,2,-0.483285,-3831.71,1.3187,0.608448,0.23815
21450000,2,-1.09711,-3835.65,2.06025,0.621621,0.23925
21500000,2,0.418563,-3831.53,0.447974,0.605327,0.23595
21550000,2,-0.653217,-3835.4,1.53889,0.576239,0.245233
21600000,2,-0.947287,-3836.72,1.95032,0.594762,0.2437
21650000,3,-2.47496,-3833.72,2.02564,0.615042,0.2384
21700000,2,-0.643062,-3835.56,1.5846,0.638284,0.231633
21750000,2,-0.0428789,-3832.75,0.934036,0.603763,0.2452
21800000,3,-1.85996,-3833.08,2.12307,0.611057,0.24298
21850000,2,-0.0394738,-3830.71,0.979018,0.61375,0.2377
21900000,2,0.35375,-3836.8,0.517035,0.602427,0.2384
21950000,2,-0.483766,-3845.61,0.922416,0.628261,0.2166
22000000,2,-1.11516,-3833.27,2.03717,0.619401,0.235
22050000,2,-3.11935,-3835.52,4.01422,0.63127,0.249225
22100000,2,-1.05246,-3831.84,1.92808,0.604588,0.2391
22150000,2,0.205025,-3834.88,0.748614,0.568538,0.246275
22200000,2,0.277836,-3835.38,0.668087,0.627176,0.24632
22250000,3,-2.2911,-3830.44,3.54974,0.589485,0.239
22300000,4,-1.05585,-3830.69,1.62975,0.61099,0.2392
22350000,2,-0.425438,-3833.24,1.37658,0.591623,0.2447
22400000,2,0.438086,-3833.83,0.545587,0.61725,0.242633
22450000,2,-1.07209,-3835.42,1.94346,0.63462,0.23994
22500000,2,0.383014,-3833.11,0.527033,0.610191,0.24835
22550000,2,-1.58886,-3833.85,2.48003,0.602388,0.2397
22600000,4,-0.869325,-3829.08,2.34095,0.631762,0.23112
22650000,2,0.484767,-3838.48,0.402794,0.596218,0.24055
22700000,3,0.642645,-3835.34,0.589145,0.608453,0.25275
22750000,2,0.26759,-3832.24,0.634889,0.594353,0.2243
22800000,2,-0.468879,-3833.01,1.41274,0.613282,0.2452
22850000,2,0.482405,-3832.25,0.42483,0.614711,0.2341
22900000,3,-1.31905,-3834.58,1.67289,0.614785,0.242737
22950000,2,-0.452127,-3831.81,1.35939,0.592445,0.24555
23000000,2,-0.480693,-3831.55,1.35894,0.609978,0.2391
23050000,2,-2.475,-3834.01,3.35645,0.635934,0.2314
23100000,2,-0.365638,-3831.33,1.30056,0.612187,0.244333
23150000,2,-0.850499,-3833.68,1.75888,0.624398,0.2354
23200000,3,-0.992195,-3829.58,2.43312,0.618737,0.235833
23250000,2,-3.26915,-3834.53,4.19624,0.626783,0.24905
23300000,3,-0.0534337,-3834.07,1.53459,0.613041,0.234967
23350000,1,0.02391,-3848.9,0.301322,0.601125,0.219325
23400000,2,0.399911,-3831.71,0.491226,0.612142,0.24465
23450000,1,-0.574159,-3844.41,0.948162,0.621188,0.20685
23500000,2,0.0846248,-3834.27,0.794499,0.587414,0.24295
23550000,2,0.399808,-3835.66,0.498181,0.586445,0.2407
23600000,2,-0.82946,-3834.29,1.64842,0.62773,0.2445
23650000,2,-1.52418,-3837.52,2.51077,0.616025,0.242
23700000,2,0.188265,-3834.1,0.752748,0.583215,0.266533
23750000,2,-2.83573,-3835.11,3.87542,0.610911,0.244529
23800000,2,0.309536,-3835.55,0.566591,0.618558,0.24105
23850000,3,-0.964424,-3830.88,1.91149,0.619985,0.236233
23900000,2,-0.33338,-3832.45,1.21377,0.58096,0.243621
23950000,2,0.229717,-3837.04,0.588458,0.640083,0.2424
24000000,2,0.315543,-3832.38,0.641207,0.588182,0.2499
24050000,3,0.052383,-3829.5,0.797762,0.596748,0.2401
24100000,2,-2.33089,-3832.12,3.29954,0.60235,0.2462
24150000,1,0.34457,-3847.48,0.10428,0.615365,0.224135
24200000,2,-0.807274,-3834.03,1.66883,0.613973,0.2415
24250000,1,-0.546607,-3847.09,0.867587,0.619028,0.2153
24300000,2,-1.42673,-3835.17,2.23012,0.601544,0.22108
24350000,2,-0.294756,-3835.4,1.21338,0.628803,0.23825
24400000,2,0.212713,-3832.82,0.714795,0.59764,0.2335
24450000,2,-0.490977,-3847.2,1.26694,0.616762,0.25625
24500000,2,-1.24268,-3832.4,2.05425,0.611648,0.2378
24550000,2,0.292665,-3837.27,0.528141,0.618383,0.2411
24600000,2,-0.682119,-3834.37,1.53108,0.585946,0.2372
24650000,2,-3.18726,-3834.91,4.08052,0.623247,0.246833
24700000,2,-0.253246,-3832.68,1.2577,0.611869,0.249967
24750000,2,-1.89742,-3832.45,2.73637,0.629335,0.25015
24800000,2,-0.632721,-3831.84,1.60015,0.620265,0.22832
24850000,2,0.0831423,-3835.36,0.781152,0.57496,0.2331
24900000,3,0.450584,-3830.18,0.814287,0.603692,0.2356
24950000,3,-3.76006,-3833.29,3.96705,0.628366,0.235033
25000000,2,-1.66141,-3832.11,2.55045,0.59493,0.2494
25050000,2,-0.212114,-3832.27,1.06239,0.611582,0.244075
25100000,3,-0.56221,-3834.49,1.47652,0.620896,0.2339
25150000,3,-0.502706,-3837.86,1.31745,0.579216,0.243318
25200000,3,-1.48719,-3837.1,2.75205,0.596127,0.259575
25250000,2,-0.975789,-3833.22,1.80652,0.613339,0.2426
25300000,2,0.196854,-3836.77,0.748349,0.598642,0.249
25350000,1,-0.32639,-3843.71,0.692323,0.615404,0.234771
25400000,1,-0.388017,-3849.62,0.8181,0.575641,0.245733
25450000,2,0.211319,-3832.1,0.70586,0.608347,0.2395
25500000,2,-0.701749,-3831.72,1.59924,0.59771,0.2338
25550000,3,-2.41139,-3834.5,3.28293,0.598264,0.2547
25600000,2,-0.599245,-3833.69,1.53119,0.591869,0.2304
25650000,3,-0.765827,-3834.57,1.90529,0.619477,0.2455
25700000,2,-0.884003,-3833.86,1.87213,0.63431,0.2401
25750000,2,-0.562608,-3832.06,1.47759,0.608561,0.234
25800000,2,0.40761,-3833.59,0.478216,0.626548,0.2435
25850000,2,-1.81786,-3843.21,2.13367,0.607697,0.221767
25900000,1,-1.67154,-3844.03,2.02064,0.599543,0.2023
25950000,1,-0.433722,-3844.82,0.81642,0.632665,0.2076
26000000,2,0.223004,-3835.34,0.692741,0.584267,0.2416
26050000,2,-1.24178,-3838.72,2.04475,0.633926,0.2416
26100000,2,-0.929311,-3836.16,1.85095,0.624722,0.2299
26150000,3,0.100938,-3833.58,0.532291,0.600755,0.239346
26200000,3,0.256758,-3829.57,0.985256,0.59925,0.2569
26250000,2,-3.6869,-3834.31,4.55531,0.59142,0.23255
26300000,2,-3.3643,-3836.42,4.14255,0.621779,0.2337
26350000,4,-1.42893,-3832.37,2.08967,0.616109,0.243625
26400000,2,-0.578024,-3837.08,1.54689,0.620848,0.2485
26450000,1,-0.0286596,-3845.84,0.376976,0.59793,0.241675
26500000,2,0.383986,-3832.39,0.520001,0.584771,0.2394
26550000,4,-0.466379,-3836.8,2.45542,0.575854,0.24375
26600000,3,-1.17514,-3828.58,2.03832,0.632488,0.23884
26650000,3,-0.595393,-3833.42,0.970446,0.606788,0.225918
26700000,2,-0.63044,-3833.9,1.47802,0.596732,0.239
26750000,2,-0.852949,-3833.08,1.72354,0.626552,0.2287
26800000,4,-0.788969,-3831.32,1.84478,0.617369,0.2334
26850000,2,-0.288552,-3833.91,1.1668,0.5912,0.253324
26900000,4,-3.02504,-3828.58,4.65412,0.612662,0.2422
26950000,2,-1.14571,-3833.84,2.104,0.60281,0.2457
27000000,2,0.297368,-3838.92,0.457816,0.628772,0.241525
27050000,2,-1.00011,-3832.41,1.87628,0.608122,0.24995
27100000,2,-0.249555,-3834.88,1.16254,0.58608,0.2349
27150000,2,-0.795089,-3836.18,1.75693,0.605854,0.23925
27200000,4,-2.83579,-3833.33,2.09537,0.609322,0.250367
27250000,2,-2.06683,-3833.52,2.88573,0.612169,0.244433
27300000,2,0.536892,-3833.62,0.490768,0.587953,0.2503
27350000,2,-0.279739,-3835.26,1.21256,0.620004,0.230781
27400000,2,0.165697,-3833.24,0.742773,0.592403,0.2427
27450000,2,-1.38145,-3832.81,2.20333,0.617532,0.2447
27500000,4,-3.83694,-3832.21,3.14112,0.585361,0.241725
27550000,2,-4.21131,-3832.98,5.01221,0.615509,0.2298
27600000,2,-1.22375,-3832.65,2.19226,0.603321,0.23965
27650000,2,-0.645807,-3835.71,1.4732,0.587297,0.231
27700000,2,-0.0156411,-3832.81,0.888173,0.616085,0.24862
27750000,1,0.120347,-3845.78,0.250907,0.593941,0.21875
27800000,0,-0.393016,-3862.07,0.393016,0.619166,0.224436
27850000,1,-0.778118,-3844.83,1.17386,0.622768,0.239633
27900000,2,0.6506,-3831.73,0.298571,0.618114,0.253533
27950000,2,-1.47264,-3835.22,2.35415,0.637973,0.2387
28000000,3,-2.37539,-3830.48,2.91723,0.586519,0.237
28050000,2,0.323792,-3833.89,0.539108,0.601915,0.242517
28100000,2,-0.269352,-3834.33,1.20089,0.631983,0.244125
28150000,2,0.264041,-3833.88,0.604176,0.648058,0.225085
28200000,2,-1.45934,-3833.53,2.30115,0.601743,0.2457
28250000,2,0.329213,-3832.79,0.621989,0.604647,0.233
28300000,2,-0.488453,-3833.26,1.44124,0.6356,0.2383
28350000,1,-1.47285,-3849.61,1.87298,0.618037,0.239846
28400000,1,-1.16023,-3847.83,1.6752,0.608562,0.259283
28450000,2,0.138126,-3833.46,0.854746,0.608965,0.2445
28500000,2,-0.689929,-3835.26,1.48372,0.63035,0.2442
28550000,2,0.151339,-3835.31,0.757343,0.616173,0.2313
28600000,2,-1.24655,-3835.59,2.06096,0.61323,0.241975
28650000,3,-0.11359,-3835.87,0.883045,0.603811,0.25344
28700000,2,-0.496234,-3831.47,1.4107,0.607952,0.24645
28750000,2,-1.64514,-3849.25,2.19381,0.616517,0.252056
28800000,2,0.0988016,-3832.38,0.791408,0.622521,0.2465
28850000,2,-0.0505431,-3832.63,0.866766,0.620438,0.2502
28900000,2,0.322666,-3833.02,0.551513,0.618327,0.25195
28950000,2,0.0776025,-3841.39,0.738576,0.593858,0.2258
29000000,1,0.188817,-3843.68,0.178829,0.595574,0.21476
29050000,1,-1.13067,-3846.58,1.45649,0.629775,0.209
29100000,2,-0.780606,-3837.53,1.58101,0.623391,0.223029
29150000,2,0.197341,-3839.71,0.698523,0.568435,0.2395
29200000,2,-0.0203306,-3833.67,0.849205,0.627719,0.2356
29250000,2,-0.597356,-3835.43,1.52421,0.631044,0.242667
29300000,2,0.0135491,-3831.3,0.915319,0.605704,0.2214
29350000,1,-1.05334,-3845.05,1.39807,0.589097,0.21715
29400000,1,-0.186557,-3844.47,0.583224,0.590759,0.21068
29450000,2,-2.838,-3845.37,2.89828,0.578257,0.221833
29500000,2,-1.14424,-3831.86,2.05731,0.602164,0.229
29550000,2,-0.363598,-3836.59,1.13661,0.593683,0.230229
29600000,2,-0.120645,-3835.41,0.905351,0.602089,0.2501
29650000,2,0.205087,-3834.16,0.737273,0.569009,0.24665
29700000,2,-1.06062,-3832.6,1.96182,0.620158,0.226
29750000,2,0.185752,-3832.88,0.673131,0.594034,0.245367
29800000,2,-0.398208,-3833.25,1.31576,0.634135,0.25125
29850000,2,-1.32417,-3834.52,2.17446,0.574024,0.2397
29900000,2,0.566791,-3832.6,0.382723,0.593975,0.24745
29950000,3,-0.810125,-3831.68,2.01551,0.623741,0.25665
30000000,2,-0.378705,-3834.64,1.33223,0.632721,0.2417
30050000,2,0.304155,-3832.39,0.560054,0.591592,0.2257
30100000,2,-0.298486,-3834.31,1.2513,0.644846,0.2422
30150000,2,-0.723263,-3832.05,1.64548,0.603341,0.226
30200000,2,-0.428337,-3837.73,1.44738,0.636321,0.2418
30250000,2,0.303296,-3834.59,0.633092,0.625558,0.2234
30300000,1,-1.75742,-3845.05,2.15571,0.616569,0.214043
30350000,2,-0.260641,-3833.42,1.11993,0.629842,0.256162
30400000,2,-0.888279,-3832.64,1.73453,0.592651,0.2435
30450000,2,-4.12396,-3836.7,4.97712,0.592021,0.2498
30500000,2,-1.41259,-3833.6,2.27983,0.604151,0.24734
30550000,2,-0.825607,-3833.19,1.78064,0.591155,0.238012
30600000,2,-0.110943,-3833.92,0.915762,0.582202,0.247467
30650000,3,0.207613,-3831.61,1.10176,0.620634,0.24785
30700000,2,0.416557,-3832.14,0.512238,0.60767,0.2365
30750000,2,-0.92588,-3832.48,1.85674,0.604634,0.2487
30800000,2,-0.870731,-3832.64,1.69276,0.610208,0.2351
30850000,6,-8.44564,-3830.36,6.11553,0.594407,0.2458
30900000,2,0.019361,-3832.92,0.83104,0.620487,0.2385
30950000,2,0.174209,-3832.33,0.735915,0.620246,0.2356
31000000,2,-1.18946,-3833.8,2.18142,0.600937,0.2353
31050000,2,-0.384062,-3836.43,1.31789,0.605903,0.25525
31100000,2,0.193848,-3835.07,0.788196,0.584877,0.25
31150000,2,-1.54755,-3834.79,2.35012,0.624083,0.2467
31200000,2,-0.492331,-3833.69,1.40043,0.623755,0.2263
31250000,2,-1.4885,-3835,2.43035,0.576912,0.2328
31300000,1,-1.47473,-3848.15,1.91417,0.601508,0.266331
31350000,1,-2.38434,-3848.31,2.79207,0.61797,0.234
31400000,2,-1.01055,-3832.37,1.96823,0.632851,0.2399
31450000,3,-2.2019,-3840.07,2.26899,0.605012,0.240518
31500000,3,-0.929928,-3830.85,1.01602,0.60816,0.2396
31550000,3,-1.00184,-3833.13,1.94657,0.611294,0.241
31600000,2,0.149292,-3833.99,0.787419,0.618788,0.2405
31650000,1,0.0206604,-3844.03,0.332381,0.61294,0.2177
31700000,2,0.168784,-3833.28,0.770119,0.609532,0.2335
31750000,2,0.264558,-3831.84,0.677124,0.601995,0.2323
31800000,2,-1.80287,-3848.64,1.8443,0.626761,0.225678
31850000,2,-0.271605,-3834.34,1.0673,0.619701,0.246733
31900000,1,-0.170674,-3845.75,0.576635,0.606498,0.2635
31950000,3,-0.542055,-3830.21,1.73186,0.613538,0.2376
32000000,2,0.269294,-3834.09,0.571651,0.62103,0.242
32050000,2,-1.20271,-3834.47,2.10529,0.586673,0.24525
32100000,2,-2.06025,-3836.16,2.94524,0.623427,0.2349
32150000,1,-0.664323,-3843.49,1.04966,0.605672,0.1919
32200000,2,-0.456515,-3832.06,1.42362,0.620048,0.2359
32250000,5,-1.09883,-3837.59,1.38562,0.611114,0.251075
32300000,2,-0.511814,-3832.61,1.40303,0.635499,0.2481
32350000,2,-0.025536,-3837.02,0.795015,0.602527,0.2347
32400000,2,-2.34277,-3833.55,3.31923,0.613471,0.253686
32450000,1,-0.00332467,-3850.33,0.524987,0.601819,0.257188
32500000,4,-1.91931,-3834.21,2.65348,0.615661,0.2296
32550000,2,-0.210241,-3834.66,1.18353,0.572413,0.22885
32600000,1,0.162091,-3845.2,0.226275,0.604125,0.230768
32650000,2,-1.76774,-3845.55,1.8195,0.619858,0.21026
32700000,2,-1.5623,-3835.24,2.46935,0.59016,0.251333
32750000,2,0.41452,-3832.75,0.451296,0.607704,0.2425
32800000,2,-0.868444,-3831.69,1.78084,0.608419,0.2361
32850000,2,0.267988,-3835.13,0.648651,0.634103,0.2385
32900000,2,0.317416,-3832.98,0.535085,0.617557,0.2343
32950000,2,-0.248435,-3833.79,1.25521,0.580847,0.24545
33000000,3,-3.61423,-3832.38,3.85536,0.593048,0.24
33050000,2,-0.186276,-3838.18,1.0417,0.56635,0.2322
33100000,2,-1.0973,-3831.21,2.03325,0.610322,0.2385
33150000,3,-0.747726,-3834.87,1.71113,0.63944,0.230852
33200000,2,-0.937299,-3832.99,1.81297,0.613011,0.251633
33250000,2,-2.41394,-3842.69,3.25569,0.614327,0.24885
33300000,2,-0.206256,-3831.32,1.14618,0.621778,0.24545
33350000,2,-0.202742,-3834,1.13498,0.612703,0.2438
33400000,2,-0.973844,-3833.07,1.98011,0.600168,0.2394
33450000,2,-0.560527,-3846.11,1.10736,0.606819,0.23063
33500000,3,0.646,-3833.25,0.483442,0.590241,0.2371
33550000,3,-1.25347,-3831.8,1.93858,0.597275,0.2455
33600000,2,0.0479914,-3832.56,0.84982,0.615283,0.246867
33650000,2,-0.0268339,-3833.28,0.97178,0.627829,0.24835
33700000,2,-0.645893,-3834.8,1.53877,0.612355,0.2332
33750000,3,-0.808466,-3834.58,0.853448,0.607403,0.225711
33800000,2,0.537591,-3834.54,0.333709,0.616721,0.2366
33850000,2,-0.427154,-3833.21,1.31276,0.60659,0.2478
33900000,2,-0.988837,-3839.09,1.81892,0.660307,0.248375
33950000,2,-2.73363,-3838.91,3.44006,0.60474,0.2506
34000000,2,-1.1866,-3846.01,1.84831,0.549603,0.248886
34050000,1,-0.0322677,-3845.59,0.436102,0.619938,0.238
34100000,2,-0.958198,-3832.78,1.88178,0.603433,0.2307
34150000,1,-1.30744,-3845.17,1.67489,0.617464,0.220411
34200000,2,-0.204635,-3833.25,1.04722,0.600634,0.2405
34250000,2,0.652449,-3835.61,0.264739,0.607825,0.2332
34300000,2,-1.15012,-3832.19,1.99652,0.619124,0.2547
34350000,2,-0.848216,-3834.49,1.79066,0.600157,0.2435
34400000,2,-1.07986,-3832.25,1.89384,0.616998,0.2402
34450000,3,-1.77101,-3832.75,3.04006,0.601214,0.2408
34500000,2,0.367979,-3835.7,0.61088,0.583372,0.23945
34550000,1,-2.14615,-3846.36,2.48051,0.619746,0.219216
34600000,2,-0.130244,-3840.8,0.534994,0.599779,0.2071
34650000,1,-0.96306,-3844.64,1.36621,0.608558,0.215575
34700000,2,0.40459,-3834,0.521836,0.579857,0.2442
34750000,2,-0.208202,-3834.3,1.13711,0.604816,0.2376
34800000,2,-0.214736,-3831.72,1.09678,0.619401,0.241733
34850000,2,-1.31753,-3848.78,1.58786,0.596918,0.24654
34900000,3,-2.06599,-3832.48,2.77072,0.618994,0.221623
34950000,3,-1.42666,-3833.6,2.56548,0.633826,0.248333
35000000,2,-0.0449545,-3836.77,0.788377,0.606863,0.249317
35050000,2,-1.77968,-3834.73,2.67462,0.60554,0.2451
35100000,2,-0.292229,-3834.08,1.12344,0.603122,0.2347
35150000,3,-1.19359,-3835.71,2.25842,0.629334,0.223727
35200000,2,0.225141,-3833.64,0.762033,0.608412,0.24
35250000,2,-1.82336,-3834.11,2.69131,0.613051,0.231
35300000,2,0.256083,-3835.39,0.515485,0.620869,0.2442
35350000,2,0.41363,-3833.11,0.437055,0.617382,0.245189
35400000,3,-3.17084,-3833.9,3.47561,0.606644,0.2432
35450000,2,-0.906885,-3834.2,1.80516,0.621068,0.239
35500000,3,0.567936,-3833.7,0.790091,0.60017,0.2453
35550000,3,0.0397311,-3832.62,1.13358,0.624892,0.249
35600000,2,0.0831033,-3845.91,0.698188,0.614811,0.24975
35650000,2,0.110053,-3833.16,0.880345,0.61983,0.2349
35700000,1,-1.34723,-3847.64,1.75953,0.60927,0.21285
35750000,2,0.490179,-3835.15,0.478888,0.572836,0.239
35800000,2,0.151768,-3839.25,0.905477,0.629841,0.2379
35850000,3,-1.27857,-3836.89,2.52875,0.598086,0.2347
35900000,1,-0.0508904,-3844.72,0.438089,0.619409,0.218638
35950000,3,-0.519022,-3833,1.60852,0.642852,0.2358
36000000,2,0.329571,-3832.08,0.49906,0.603657,0.2362
36050000,2,0.0586673,-3837.65,0.885935,0.594513,0.2516
36100000,2,-0.387781,-3832.97,1.21501,0.613226,0.247525
36150000,2,-0.843269,-3832.61,1.72021,0.592913,0.24015
36200000,1,-1.2931,-3846.06,1.62438,0.584394,0.241889
36250000,2,-0.0529436,-3833.89,1.02895,0.621514,0.236092
36300000,2,-0.87496,-3833.69,1.70645,0.621072,0.23
36350000,2,0.541103,-3833.63,0.467302,0.61407,0.2334
36400000,2,-0.0365907,-3834.36,0.979588,0.604772,0.24145
36450000,2,0.346148,-3833.85,0.587189,0.582467,0.23174
36500000,2,0.156441,-3833.28,0.791319,0.604312,0.2449
36550000,2,-0.0423441,-3833.6,0.925865,0.620595,0.2322
36600000,2,-0.655082,-3831.77,1.52254,0.621109,0.2363
36650000,1,-0.649165,-3846.86,0.969301,0.623472,0.23865
36700000,2,-0.331821,-3834.45,1.32747,0.609906,0.239367
36750000,3,-1.28582,-3833.02,2.64029,0.620629,0.2439
36800000,2,-1.47998,-3838.34,2.3821,0.637139,0.2394
36850000,2,0.208597,-3832.16,0.715422,0.601749,0.233129
36900000,3,-0.0702843,-3830.3,1.04571,0.611038,0.2503
36950000,2,-3.43435,-3833.88,4.36178,0.604689,0.244125
37000000,2,-0.435129,-3831.87,1.29713,0.592118,0.248741
37050000,2,-0.0392509,-3835.55,0.99748,0.619489,0.23855
37100000,1,-0.454435,-3847.89,0.7921,0.623001,0.221
37150000,2,0.284471,-3831.5,0.637098,0.601398,0.239567
37200000,2,-2.47054,-3846.72,1.96266,0.587841,0.22605
37250000,2,-0.264764,-3837.14,1.07087,0.6456,0.23874
37300000,2,-0.57887,-3835.09,1.36687,0.612444,0.2363
37350000,2,-0.564707,-3834.44,1.41673,0.603328,0.2397
37400000,2,0.00561501,-3833.01,0.846972,0.616608,0.2385
37450000,2,-0.20186,-3835.39,1.24555,0.606952,0.2483
37500000,4,-1.93228,-3832.8,2.48131,0.624787,0.222542
37550000,1,-0.329902,-3844.94,0.687624,0.58859,0.2121
37600000,2,-0.355901,-3835.38,1.20418,0.635003,0.2349
37650000,2,0.497343,-3835.73,0.300853,0.606352,0.227229
37700000,2,-2.3858,-3834.41,3.22886,0.624055,0.2388
37750000,1,-0.435969,-3845.69,0.807629,0.601956,0.2327
37800000,2,-1.2671,-3835.62,2.24977,0.600676,0.242833
37850000,2,-2.38672,-3838.5,3.40931,0.625202,0.2378
37900000,3,-4.14351,-3833.23,3.491,0.613509,0.237033
37950000,2,-0.0363681,-3844.33,0.837274,0.599392,0.2304
38000000,2,0.134222,-3835.08,0.692949,0.600686,0.2287
38050000,2,-0.541335,-3835.63,1.30407,0.626247,0.2397
38100000,2,-1.21025,-3832.84,2.14468,0.592493,0.24085
38150000,2,-0.599537,-3835.32,1.52638,0.62579,0.2373
38200000,2,-0.188695,-3831.77,1.02998,0.60531,0.2417
38250000,2,-1.83855,-3832.93,2.73953,0.606992,0.2481
38300000,1,0.0366722,-3849.74,0.392599,0.604581,0.225467
38350000,1,-1.1331,-3844.23,1.50925,0.592907,0.2137
38400000,2,-0.297505,-3832.92,1.16362,0.598995,0.24455
38450000,2,-0.134639,-3834.73,1.03185,0.595397,0.23958
38500000,3,-1.74799,-3831.59,2.95775,0.618317,0.24305
38550000,2,-2.01882,-3832.01,2.95274,0.623602,0.223343
38600000,1,-0.00667462,-3848.96,0.517288,0.590357,0.261186
38650000,2,-1.20424,-3831.61,2.13269,0.619771,0.24205
38700000,2,0.463931,-3831.71,0.465009,0.607116,0.2337
38750000,2,-0.844913,-3833.3,1.77981,0.632266,0.2423
38800000,3,-4.90916,-3832.68,5.73201,0.582698,0.239733
38850000,2,-0.743423,-3845.06,1.09773,0.596428,0.2082
38900000,1,-0.433244,-3846.68,0.77957,0.628157,0.2147
38950000,2,-1.33752,-3835.49,2.2335,0.601266,0.2397
39000000,2,-1.00904,-3833.07,1.93782,0.642523,0.2392
39050000,2,-0.377261,-3834.45,1.32239,0.60336,0.2325
39100000,2,-0.931422,-3833.68,1.78042,0.601781,0.2383
39150000,2,0.235062,-3833.28,0.709986,0.633854,0.2267
39200000,2,-0.162277,-3835.22,1.04246,0.59172,0.2346
39250000,2,0.267367,-3835.54,0.730537,0.608061,0.219867
39300000,2,-0.979036,-3835.39,1.98382,0.605387,0.23925
39350000,3,-0.453701,-3834.75,1.22568,0.622944,0.224778
39400000,2,-1.77303,-3833.06,2.6785,0.605009,0.238
39450000,2,-0.910969,-3832.55,1.79042,0.600668,0.237
39500000,1,-0.0359047,-3845.22,0.44644,0.592875,0.215867
39550000,3,-0.320857,-3831.06,1.1878,0.627512,0.2459
39600000,2,-2.97218,-3836.14,3.86371,0.600636,0.252867
39650000,2,-0.122089,-3832.83,1.11346,0.593482,0.249717
39700000,2,0.241533,-3833.14,0.639445,0.623035,0.241643
39750000,3,-2.89298,-3832.74,2.30046,0.620494,0.2442
39800000,1,-0.375543,-3844.91,0.725952,0.589403,0.222055
39850000,2,0.154747,-3832.36,0.694384,0.617358,0.2359
39900000,2,-2.66355,-3834.45,3.54719,0.611873,0.244
39950000,3,-1.53349,-3830.89,1.16736,0.62091,0.242
40000000,2,-2.78914,-3847.7,3.09331,0.62918,0.22035
40050000,1,-0.24696,-3849.13,0.642295,0.589799,0.23216
40100000,2,0.675318,-3837.64,0.202643,0.569659,0.2351
40150000,1,-0.240939,-3845.47,0.620127,0.592659,0.235656
40200000,2,0.0168438,-3833.65,0.839596,0.593624,0.2475
40250000,3,-1.76137,-3845.84,2.46176,0.591851,0.22136
40300000,2,-1.51555,-3832.82,2.42287,0.612761,0.2279
40350000,2,-0.637371,-3836.22,1.44626,0.596043,0.23677
40400000,2,-0.660478,-3834.94,1.59084,0.631763,0.248894
40450000,2,-0.0799091,-3833.63,0.916224,0.618948,0.254511
40500000,2,-1.60479,-3834.23,2.41715,0.601156,0.239
40550000,2,-0.17969,-3836.24,1.05377,0.603348,0.248657
40600000,2,-0.369087,-3836.75,1.30305,0.605566,0.2329
40650000,2,-0.329845,-3832.27,1.21343,0.584863,0.2444
40700000,2,-1.11983,-3832.69,2.01632,0.585967,0.2445
40750000,2,-0.240405,-3840.45,1.17192,0.570499,0.2392
40800000,0,-1.22995,-3862.08,1.22995,0.58888,0.2668
40850000,2,0.283368,-3832.6,0.577991,0.593445,0.2421
40900000,2,-0.381517,-3833.19,1.28825,0.631853,0.2295
40950000,1,0.101552,-3845.03,0.287809,0.616338,0.2142
41000000,2,0.22381,-3836.18,0.735974,0.591949,0.23276
41050000,3,0.147726,-3833.27,1.02947,0.626983,0.228
41100000,3,-2.71625,-3832.98,3.60022,0.593888,0.2392
41150000,2,0.205618,-3832,0.764162,0.603,0.24875
41200000,2,-0.396082,-3834.7,1.32205,0.621604,0.2405
41250000,3,-0.65314,-3840.43,0.937436,0.629128,0.24332
41300000,2,-1.20205,-3833.65,2.11393,0.5962,0.2481
41350000,2,-1.10374,-3833.24,2.15018,0.617434,0.247443
41400000,2,-0.0903959,-3837.63,0.937938,0.60426,0.251156
41450000,3,-0.235059,-3838.28,1.39903,0.640488,0.2382
41500000,1,0.144503,-3844.41,0.234262,0.614945,0.239044
41550000,3,-4.12897,-3834.33,3.57036,0.583518,0.240983
41600000,3,-1.02052,-3831.49,2.29089,0.590251,0.2417
41650000,2,-0.825184,-3834.23,1.71056,0.597283,0.238
41700000,2,-0.666467,-3836.79,1.55594,0.60413,0.230309
41750000,2,0.495735,-3835.52,0.431606,0.619928,0.248667
41800000,3,-1.69933,-3846.7,1.5604,0.628971,0.218611
41850000,2,-1.51816,-3846.53,1.75172,0.588069,0.244791
41900000,1,-0.872995,-3844.7,1.24732,0.606659,0.2105
41950000,1,-0.853071,-3844.06,1.2221,0.611044,0.216157
42000000,2,0.727746,-3833.47,0.184222,0.613344,0.2451
42050000,2,-0.513259,-3831.98,1.38494,0.629581,0.233607
42100000,3,0.439645,-3831.75,0.474207,0.613465,0.246
42150000,2,-0.537441,-3838.12,1.2838,0.614932,0.2389
42200000,1,-0.0964979,-3844.08,0.457193,0.611371,0.226033
42250000,1,-0.213944,-3845.63,0.612362,0.628294,0.2114
42300000,2,-1.43577,-3843.69,1.33852,0.623438,0.2087
42350000,2,-0.935625,-3846.26,1.49201,0.598595,0.22845
42400000,2,0.146528,-3833.65,0.736375,0.610978,0.23345
42450000,2,-1.70118,-3834.53,2.66574,0.600805,0.2398
42500000,3,-0.0828702,-3832.53,1.19349,0.639848,0.241511
42550000,2,0.445798,-3837.09,0.535492,0.595292,0.24756
42600000,3,-1.12232,-3833.14,0.856026,0.599502,0.2474
42650000,2,-0.870444,-3839.99,1.82356,0.591413,0.2519
42700000,2,-3.41425,-3842.78,2.93177,0.601555,0.228535
42750000,2,0.113106,-3834.46,0.798132,0.642654,0.244
42800000,2,-0.675104,-3831.9,1.49607,0.599924,0.2365
42850000,3,-1.86445,-3831.35,1.77438,0.626264,0.2385
42900000,2,-0.402025,-3832.45,1.35133,0.61561,0.2384
42950000,2,-0.512077,-3832.52,1.36665,0.621151,0.245433
43000000,2,-0.554691,-3833.16,1.54351,0.592357,0.2372
43050000,3,-1.9239,-3833.07,2.80912,0.615853,0.2416
43100000,2,-1.29295,-3835.38,2.15574,0.589632,0.256644
43150000,2,0.674213,-3836.46,0.292225,0.573173,0.2376
43200000,1,-2.38599,-3847.16,2.80228,0.596766,0.221807
43250000,0,-0.0639823,-3862.92,0.0639823,0.581168,0.21575
43300000,2,0.523094,-3833.24,0.367304,0.610932,0.2534
43350000,2,-1.16393,-3834.69,2.11124,0.621251,0.238314
43400000,3,-1.63288,-3836.46,2.27559,0.623557,0.236
43450000,3,0.170986,-3834.27,0.784653,0.631381,0.24444
43500000,1,-0.179178,-3845.14,0.526148,0.620635,0.225738
43550000,2,-1.86625,-3832.27,2.74443,0.581974,0.24665
43600000,2,-0.0926937,-3835.67,0.974174,0.601718,0.2447
43650000,2,-0.322745,-3834.99,1.07969,0.601937,0.2423
43700000,2,-0.402046,-3835.34,1.30542,0.619757,0.2462
43750000,3,-1.33516,-3832.98,1.10394,0.634702,0.2462
43800000,1,-0.569519,-3846.13,0.892992,0.598397,0.220875
43850000,2,-0.0950195,-3837.52,1.03564,0.661102,0.2423
43900000,1,-0.455249,-3844.88,0.844681,0.602721,0.21346
43950000,1,-0.158673,-3845.18,0.561906,0.596242,0.23305
44000000,2,-0.616166,-3835.21,1.56723,0.623661,0.2345
44050000,2,-1.13254,-3837.11,2.03935,0.595043,0.250292
44100000,3,-0.156614,-3831.23,1.37375,0.591876,0.2349
44150000,2,-1.36672,-3833.86,2.2997,0.597805,0.2541
44200000,2,-1.22083,-3834.79,2.16806,0.606687,0.233792
44250000,2,0.322559,-3831.31,0.607001,0.618422,0.23895
44300000,2,-2.41177,-3831.27,3.31482,0.592574,0.2396
44350000,3,-0.505449,-3830.76,1.68191,0.601945,0.2394
44400000,2,-1.49356,-3832.39,2.44721,0.611115,0.2314
44450000,1,-0.977891,-3844.88,1.38612,0.613341,0.216
44500000,2,0.330434,-3833.45,0.491856,0.608652,0.25105
44550000,3,0.279635,-3831.82,1.09472,0.579049,0.24738
44600000,2,-1.49653,-3835.41,2.32106,0.59898,0.24465
44650000,2,-0.142515,-3839.26,1.20907,0.614352,0.2285
44700000,2,-0.408535,-3833.39,1.34221,0.611375,0.2415
44750000,3,-0.867242,-3833.85,2.05151,0.611708,0.2511
44800000,2,-0.00811369,-3832.17,0.907231,0.621565,0.2373
44850000,3,-4.62916,-3835.53,5.67759,0.632715,0.250345
44900000,5,-2.73937,-3829.58,2.90691,0.598666,0.245125
44950000,3,-1.92777,-3830.66,3.17281,0.606635,0.2406
45000000,2,-0.444518,-3833.39,1.29294,0.602064,0.24306
45050000,2,-0.181511,-3833.3,1.02539,0.584841,0.2454
45100000,2,-0.625648,-3834.69,1.49708,0.587268,0.2426
45150000,2,-0.772256,-3833.84,1.7598,0.643582,0.2461
45200000,2,-1.92777,-3833.94,2.88165,0.632976,0.248
45250000,2,-0.600065,-3833.31,1.49864,0.626293,0.24195
45300000,2,-0.7133,-3835.44,1.62142,0.595695,0.241
45350000,2,-0.167421,-3832.63,1.09222,0.628265,0.2308
45400000,3,-1.12269,-3832.82,1.65113,0.610372,0.2335
45450000,3,-0.463432,-3839.15,1.3127,0.607312,0.231988
45500000,2,-0.246392,-3835.94,1.07683,0.581668,0.245817
45550000,2,-0.922441,-3833.17,1.88031,0.617319,0.24615
45600000,2,-1.00788,-3834.54,1.90837,0.621812,0.254015
45650000,1,-0.528552,-3856.99,0.869941,0.568489,0.2168
45700000,2,-0.396837,-3838.25,1.25321,0.618886,0.2423
45750000,2,-1.33708,-3835.63,2.16796,0.594032,0.24135
45800000,2,0.410911,-3833.02,0.463481,0.594319,0.245133
45850000,2,-0.0964175,-3833.98,1.02439,0.607604,0.2212
45900000,3,-1.53361,-3833.99,1.95463,0.602879,0.232804
45950000,2,-0.362531,-3833.65,1.28632,0.627866,0.2418
46000000,3,0.0444926,-3836.55,0.690183,0.637828,0.2467
46050000,2,-1.68979,-3832.21,2.64463,0.589448,0.259729
46100000,1,-1.36532,-3844.26,1.7487,0.626804,0.223963
46150000,2,-0.868692,-3836.57,1.74945,0.609147,0.233
46200000,2,0.0743187,-3837.87,0.739552,0.574608,0.2457
46250000,2,-0.999117,-3831.47,1.92169,0.600287,0.2398
46300000,2,-0.495399,-3834.04,1.33067,0.604645,0.245148
46350000,2,-1.11053,-3835.44,1.9811,0.575147,0.2328
46400000,2,-0.296582,-3835.08,1.19993,0.599364,0.24225
46450000,2,0.648396,-3839.15,0.261062,0.573988,0.239
46500000,1,0.239862,-3847,0.148107,0.571625,0.229962
46550000,1,-1.49286,-3847.83,1.97666,0.609435,0.2634
46600000,1,-0.268526,-3845.34,0.623011,0.579891,0.2117
46650000,1,0.0735284,-3850.98,0.316916,0.640088,0.255633
46700000,2,0.324578,-3833.97,0.626413,0.596093,0.2414
46750000,2,-0.608963,-3845.07,0.458892,0.603384,0.239917
46800000,2,-0.466604,-3837.86,1.42036,0.588989,0.2422
46850000,4,-0.057703,-3830.48,1.68512,0.623702,0.24715
46900000,2,-2.70563,-3833.79,3.59553,0.627174,0.23465
46950000,2,-1.65475,-3851.67,1.90797,0.580651,0.248924
47000000,2,-0.706311,-3832.61,1.64266,0.61001,0.2392
47050000,3,-1.56304,-3832.36,2.26775,0.585498,0.2352
47100000,3,-0.959825,-3838.2,1.7605,0.640558,0.239967
47150000,3,-0.668679,-3832.23,1.69677,0.600767,0.2486
47200000,2,-1.12867,-3832.27,2.01831,0.619943,0.24665
47250000,2,-0.139592,-3835.67,0.937946,0.610457,0.24766
47300000,3,-2.13233,-3829.17,2.82293,0.605126,0.2399
47350000,2,-0.839016,-3834.51,1.73276,0.620776,0.23975
47400000,2,-3.11552,-3832.6,4.04932,0.586985,0.2378
47450000,2,-4.24558,-3832.93,5.2041,0.603282,0.24856
47500000,2,-0.870041,-3834.46,1.70679,0.637861,0.243467
47550000,3,-0.0109909,-3833.01,1.2501,0.592866,0.248167
47600000,3,-1.9275,-3832.26,2.50389,0.605326,0.2428
47650000,2,-0.735049,-3831.62,1.62993,0.593115,0.2555
47700000,2,-0.760269,-3833.33,1.66777,0.621034,0.2297
47750000,2,0.450391,-3842.63,0.30019,0.613133,0.208
47800000,1,0.0941436,-3843.99,0.281973,0.612463,0.21825
47850000,1,0.242944,-3845.4,0.158691,0.613337,0.214438
47900000,3,-3.53575,-3836.5,2.16678,0.614992,0.2273
47950000,3,-1.78656,-3832.17,3.10294,0.618337,0.245267
48000000,1,-0.665464,-3843.91,1.04731,0.591729,0.23826
48050000,3,-2.77897,-3838.08,1.52286,0.618597,0.24425
48100000,2,-1.22526,-3837.19,2.07118,0.637713,0.21628
48150000,2,0.143477,-3835.16,0.778428,0.627606,0.2387
48200000,2,-2.12342,-3833.53,2.99522,0.600089,0.222023
48250000,3,-1.39635,-3833.58,2.4506,0.601671,0.23885
48300000,2,-0.156541,-3833.61,1.00827,0.615344,0.2429
48350000,1,0.257193,-3849.73,0.0788927,0.58482,0.252972
48400000,3,-0.888261,-3843.52,1.6526,0.632512,0.251845
48450000,1,-0.596053,-3847.91,1.04304,0.591536,0.214975
48500000,1,-0.158747,-3846.95,0.54744,0.60979,0.196
48550000,1,-0.170269,-3847.22,0.506451,0.612684,0.2159
48600000,1,0.0722676,-3845.54,0.299671,0.606302,0.2053
48650000,3,-1.03196,-3835.8,2.20446,0.595833,0.2371
48700000,2,0.116614,-3833.36,0.720605,0.623719,0.24215
48750000,3,-0.219234,-3835.1,1.59772,0.574113,0.24325
48800000,2,0.531307,-3838.37,0.230767,0.579162,0.2383
48850000,2,-0.427213,-3834.91,1.28001,0.607484,0.2385
48900000,3,-3.07977,-3830.5,3.14639,0.618887,0.23705
48950000,2,-0.0871083,-3833.08,0.981421,0.597877,0.2243
49000000,3,-1.13165,-3830.91,2.347,0.609676,0.2395
49050000,2,-1.36877,-3838.09,2.2477,0.626831,0.24844
49100000,2,-1.34388,-3832.96,2.29291,0.622257,0.2442
49150000,1,-0.444969,-3844.95,0.849321,0.602957,0.215967
49200000,1,-0.62232,-3844.73,0.995987,0.629911,0.21385
49250000,2,-0.10483,-3833.93,1.01231,0.586564,0.2354
49300000,2,-3.04214,-3848.98,3.51653,0.638896,0.224571
49350000,2,-0.0612114,-3833.6,0.980534,0.60331,0.2349
49400000,2,0.0632058,-3836.25,0.838674,0.582517,0.24115
49450000,2,-1.08722,-3833.61,1.93688,0.579741,0.2383
49500000,1,-0.24941,-3847.94,0.659977,0.615347,0.237179
49550000,2,0.0147185,-3834.44,0.877861,0.59144,0.2284
49600000,1,0.073425,-3843.76,0.28331,0.598574,0.23116
49650000,2,-0.671267,-3843.03,0.720357,0.602235,0.2139
49700000,3,-1.95233,-3833.6,1.30074,0.634414,0.24505
49750000,3,-0.955771,-3832.91,2.13898,0.620506,0.2447
49800000,1,-3.28971,-3846.97,3.60294,0.60298,0.242775
49850000,2,-0.866358,-3834.31,1.78063,0.580847,0.25305
49900000,2,-0.336626,-3835.47,1.20183,0.596036,0.2497
49950000,2,-1.21018,-3834.06,2.15044,0.642517,0.2317
