generation,N_shifts,logPrior,logLik,eventRate,preservationRate,acceptRate
0,1,-1.09152,-5319.34,1,0.43,1
50000,2,-2.52891,-3072.75,2.96135,0.755737,0.2531
100000,4,-0.225436,-3052.66,1.40018,0.733926,0.2683
150000,3,-1.64361,-3056.56,2.80111,0.714335,0.2463
200000,3,-0.440865,-3063.73,1.306,0.701173,0.2743
250000,1,-0.125464,-3073.28,0.49977,0.722614,0.2517
300000,2,-0.660558,-3068.63,1.2497,0.713606,0.2326
350000,4,-3.72916,-3056.26,2.63546,0.72407,0.2509
400000,3,-3.03122,-3061.9,3.64391,0.703607,0.25978
450000,2,-1.44925,-3064.36,2.01749,0.716344,0.2638
500000,2,-0.573719,-3066.31,1.13896,0.712995,0.2541
550000,4,-3.22133,-3057.96,3.92978,0.726639,0.258054
600000,2,-2.25654,-3064.8,2.71407,0.706256,0.25825
650000,2,-2.32815,-3064.82,2.9473,0.712795,0.2461
700000,4,-0.000752114,-3055.94,1.13977,0.686357,0.251215
750000,2,-0.586795,-3062.6,1.28838,0.724887,0.24115
800000,2,-3.22739,-3063.85,3.82123,0.737567,0.247
850000,2,-0.307976,-3063.3,1.07876,0.710685,0.2569
900000,2,-0.344697,-3062.45,1.00656,0.710287,0.26
950000,2,-1.06488,-3071.31,1.53823,0.703663,0.256317
1000000,4,-6.31024,-3057.66,6.65774,0.707122,0.254733
1050000,3,-2.14884,-3066.24,2.12959,0.671484,0.2558
1100000,2,-1.02442,-3066.16,1.6754,0.733797,0.25985
1150000,3,-1.30178,-3063.47,1.39867,0.696033,0.256433
1200000,2,0.584551,-3068.16,0.297338,0.76896,0.25896
1250000,2,-0.754812,-3066.83,1.20777,0.733808,0.257
1300000,2,-0.72764,-3066.2,1.31961,0.71123,0.26384
1350000,2,0.0814118,-3068.67,0.631055,0.763431,0.2631
1400000,2,-0.942211,-3061.86,1.61695,0.705027,0.262933
1450000,2,-1.00473,-3067.71,1.48789,0.704997,0.25815
1500000,2,-0.716539,-3067.04,1.35551,0.693527,0.24758
1550000,4,-0.550311,-3063.71,1.5091,0.67045,0.2578
1600000,2,0.0896177,-3064.74,0.506702,0.715161,0.27216
1650000,2,-1.17387,-3063.51,1.9867,0.688674,0.25586
1700000,2,-0.918975,-3065.49,1.48844,0.746532,0.2576
1750000,3,-0.529054,-3057.52,1.21161,0.668899,0.254517
1800000,2,-2.0042,-3067.52,2.40653,0.688547,0.263733
1850000,2,-1.62715,-3064.36,2.22594,0.750786,0.2223
1900000,2,-0.294805,-3064.56,0.887843,0.717406,0.2672
1950000,3,-0.716373,-3074.43,1.49705,0.734025,0.2566
2000000,2,-3.23217,-3068.77,3.73604,0.683848,0.249525
2050000,2,-0.948638,-3065.42,1.44535,0.731065,0.2632
2100000,2,-1.00275,-3066.47,1.60534,0.732622,0.254608
2150000,2,-2.20882,-3065.09,2.8025,0.704403,0.26305
2200000,2,-2.13856,-3066.83,2.66411,0.740478,0.2529
2250000,2,-2.905,-3064.19,3.48763,0.709519,0.2559
2300000,2,-2.01336,-3069.04,2.53798,0.746849,0.26138
2350000,3,-3.39326,-3063.52,1.918,0.719724,0.2532
2400000,2,-1.93926,-3061.32,2.67396,0.715829,0.2694
2450000,3,-3.43643,-3061.04,4.1545,0.674082,0.263217
2500000,3,-1.55506,-3064.75,2.47043,0.704238,0.2604
2550000,2,-1.41876,-3067.58,1.85415,0.730658,0.259125
2600000,3,-2.44945,-3064.99,2.29316,0.730645,0.2513
2650000,2,-0.222417,-3061.44,0.79105,0.720812,0.259567
2700000,2,-1.02062,-3069.94,1.24135,0.715497,0.252644
2750000,5,-4.69974,-3055.84,5.5607,0.710868,0.2549
2800000,3,-1.54819,-3071.46,1.74628,0.732631,0.253333
2850000,2,-0.464504,-3066.08,1.10051,0.677406,0.246267
2900000,2,-1.07506,-3065.44,1.89131,0.701939,0.251533
2950000,2,-1.4822,-3069.55,1.96826,0.666569,0.266633
3000000,2,-0.980297,-3068.67,1.47576,0.670858,0.264435
3050000,2,-0.39379,-3069.88,0.799319,0.693222,0.258383
3100000,1,0.0200568,-3080.49,0.329077,0.689744,0.2546
3150000,4,-1.56015,-3064.3,1.11986,0.728438,0.2468
3200000,4,-1.09003,-3067.35,1.60205,0.691487,0.250067
3250000,3,-0.447916,-3060.92,1.5429,0.716582,0.259967
3300000,2,-0.795426,-3066.05,1.32509,0.710644,0.2692
3350000,4,-1.88239,-3073.26,1.80528,0.660766,0.257582
3400000,2,-1.07636,-3068.69,1.51995,0.729237,0.254933
3450000,2,-0.834401,-3064.07,1.40033,0.741339,0.26025
3500000,2,-2.24417,-3063.32,2.85041,0.731198,0.2603
3550000,4,-4.7344,-3069.4,4.45253,0.724445,0.258722
3600000,2,-1.88349,-3066.34,2.32087,0.71827,0.258233
3650000,4,-1.51092,-3064.63,2.93514,0.700341,0.260967
3700000,3,-2.47113,-3064.34,3.15331,0.699559,0.2556
3750000,2,-0.711423,-3063.33,1.45871,0.720521,0.2774
3800000,3,-0.581621,-3071.42,0.557922,0.755337,0.252011
3850000,4,-0.047914,-3056.19,0.891314,0.729039,0.2513
3900000,3,-0.508492,-3059.87,1.10691,0.709266,0.257517
3950000,3,-0.894316,-3059.48,1.91948,0.712077,0.2573
4000000,2,0.0646807,-3065.26,0.755992,0.684574,0.25075
4050000,3,-2.3676,-3059.81,3.5397,0.701678,0.2554
4100000,2,-0.635139,-3065.31,1.12003,0.725921,0.26312
4150000,4,-1.83026,-3061.71,2.53954,0.729772,0.257414
4200000,2,-0.129532,-3063.99,0.64185,0.710045,0.2565
4250000,2,-2.31476,-3065.49,2.86091,0.740693,0.2549
4300000,2,-0.252874,-3070.24,0.866674,0.744285,0.25585
4350000,2,-1.31087,-3067.09,2.04133,0.734583,0.25684
4400000,2,-1.17932,-3068.36,1.76763,0.69994,0.254679
4450000,2,-1.11144,-3071.1,1.65272,0.723009,0.25625
4500000,2,-0.622311,-3065.26,1.23967,0.706152,0.25698
4550000,2,-1.95955,-3065.68,2.47294,0.692134,0.265767
4600000,3,-1.50843,-3070.3,1.67023,0.680131,0.2718
4650000,2,-0.984113,-3066.79,1.43362,0.687127,0.25305
4700000,2,-0.90884,-3063.53,1.56702,0.716144,0.24455
4750000,2,-0.848269,-3061.77,1.41289,0.704824,0.26426
4800000,3,-2.12536,-3068.76,2.80082,0.728238,0.25115
4850000,2,0.489622,-3062.52,0.213011,0.696559,0.251367
4900000,2,-1.44294,-3063.06,2.03527,0.695126,0.258
4950000,4,-1.28451,-3062.76,1.13784,0.713851,0.25976
5000000,2,-0.0440117,-3066.43,0.670872,0.736894,0.2757
5050000,4,-2.9848,-3062.08,1.53744,0.698329,0.25525
5100000,3,-2.67639,-3068.44,2.92908,0.690653,0.2406
5150000,2,-1.22292,-3064.41,1.84181,0.700126,0.2297
5200000,3,-2.95515,-3069.51,2.59637,0.715699,0.260793
5250000,3,-2.0406,-3061.83,1.50207,0.71798,0.257817
5300000,2,0.126868,-3069.28,0.330084,0.677048,0.2638
5350000,2,-0.165451,-3065.56,0.744756,0.721378,0.257091
5400000,2,-0.878288,-3064.28,1.36637,0.701291,0.2676
5450000,2,-1.21092,-3066.65,1.66983,0.74435,0.26285
5500000,2,-0.119263,-3063.44,0.671898,0.714342,0.2571
5550000,2,-0.234354,-3067.18,0.650877,0.73225,0.2562
5600000,2,-0.674119,-3064.49,1.32688,0.729316,0.243633
5650000,1,-0.593429,-3073.66,0.915975,0.716701,0.24995
5700000,3,-2.99991,-3062.33,3.63124,0.725548,0.258641
5750000,3,-1.34746,-3058.76,1.41205,0.723033,0.2598
5800000,2,-3.48325,-3067.49,3.98052,0.720762,0.25498
5850000,3,-0.169521,-3070.93,0.753493,0.711643,0.2406
5900000,3,-4.1378,-3060.04,4.93857,0.699693,0.255615
5950000,2,-0.942988,-3064.01,1.56307,0.704039,0.2548
6000000,2,-1.37287,-3066.86,1.79113,0.71521,0.256283
6050000,2,-0.00666557,-3063.65,0.553712,0.72432,0.259257
6100000,2,-0.929527,-3064.68,1.49945,0.704257,0.24885
6150000,2,-1.80558,-3064.48,2.3037,0.713002,0.2636
6200000,2,-2.2194,-3063.16,2.84122,0.702003,0.253925
6250000,2,-1.32259,-3069.16,1.94084,0.690285,0.260723
6300000,2,-1.22017,-3071.05,1.31522,0.713318,0.261933
6350000,3,0.782415,-3056.19,0.537922,0.705735,0.2598
6400000,3,-1.08001,-3064.73,1.99525,0.722515,0.25405
6450000,2,-1.44188,-3066.76,1.96932,0.678621,0.2441
6500000,2,-1.64076,-3064.8,2.22378,0.735143,0.266567
6550000,2,-1.22343,-3066.88,1.77353,0.711687,0.26355
6600000,3,-1.92934,-3066.15,1.79717,0.681194,0.254
6650000,3,-1.43945,-3068.96,1.912,0.714808,0.269433
6700000,2,0.209174,-3064.94,0.420901,0.731759,0.2758
6750000,2,-0.25106,-3065.83,0.757542,0.688359,0.24545
6800000,1,-0.117573,-3077.22,0.433896,0.697205,0.256987
6850000,3,0.0128428,-3064.92,0.60812,0.700974,0.26975
6900000,2,-0.958092,-3063.41,1.47539,0.726175,0.254689
6950000,2,0.311421,-3063.69,0.366329,0.716118,0.2337
7000000,2,-0.479144,-3066.16,1.11103,0.73967,0.2554
7050000,3,-0.532006,-3064,1.44394,0.72147,0.259089
7100000,3,-0.643719,-3065.4,1.30663,0.735085,0.2595
7150000,3,-2.64685,-3060.38,3.29967,0.755117,0.262267
7200000,2,-0.0503403,-3066.31,0.498726,0.691275,0.2677
7250000,2,-0.860636,-3062.59,1.53438,0.695542,0.2566
7300000,2,-0.184104,-3066.4,0.597096,0.692349,0.254
7350000,3,-0.602437,-3064.69,0.756894,0.717099,0.25482
7400000,2,-0.634397,-3066.06,1.3488,0.687452,0.26485
7450000,3,-0.0922891,-3059.19,1.04825,0.710151,0.2538
7500000,2,-0.162137,-3067.43,0.772694,0.738316,0.25438
7550000,2,-0.840555,-3062.33,1.56715,0.703727,0.2618
7600000,4,-2.41971,-3057.44,3.31177,0.733736,0.25135
7650000,3,-0.468626,-3061.27,1.44506,0.740772,0.2593
7700000,2,-0.864217,-3065.67,1.4829,0.691751,0.244875
7750000,2,-0.230607,-3068.63,0.685289,0.732405,0.259186
7800000,2,-1.25288,-3067.43,1.79374,0.717931,0.254125
7850000,2,-1.26417,-3066.22,1.70447,0.689765,0.246757
7900000,3,-2.62224,-3060.89,3.58319,0.713746,0.245
7950000,3,-0.645503,-3055.83,1.66878,0.722722,0.27025
8000000,2,-0.196269,-3063.45,0.842894,0.712251,0.243125
8050000,4,-2.53244,-3054.1,3.57085,0.691642,0.2495
8100000,2,-0.25181,-3061.69,0.995073,0.713482,0.2556
8150000,4,-2.15247,-3050.96,3.37103,0.724229,0.2445
8200000,3,0.1653,-3071.31,0.880204,0.722174,0.2567
8250000,2,-1.18858,-3064.22,1.79542,0.721979,0.25495
8300000,3,-0.878985,-3064.02,1.50026,0.699526,0.2622
8350000,3,-2.76889,-3062.94,3.45208,0.686032,0.261989
8400000,2,-3.41008,-3066.26,3.90419,0.708817,0.2537
8450000,2,-1.4976,-3069.34,2.07623,0.678382,0.2537
8500000,3,-3.78426,-3063.96,4.82992,0.693909,0.2642
8550000,2,-1.38737,-3066.84,1.84672,0.71844,0.25295
8600000,2,-0.0615691,-3065.71,0.686909,0.721366,0.2356
8650000,2,-0.165303,-3067.43,0.57104,0.706637,0.2623
8700000,2,-0.474788,-3066.42,0.893288,0.741669,0.2649
8750000,4,-0.903863,-3056.02,1.81079,0.694236,0.24455
8800000,2,-1.05284,-3067.14,1.44962,0.713662,0.261757
8850000,2,-2.92503,-3069.27,3.43471,0.695318,0.2591
8900000,2,-0.203751,-3065.93,0.652771,0.726543,0.2506
8950000,3,-1.54727,-3068.23,1.92577,0.710113,0.270233
9000000,2,-1.49426,-3063.35,2.16364,0.699478,0.24655
9050000,2,-1.7178,-3064.31,2.3428,0.689969,0.2566
9100000,2,-1.02124,-3072.26,1.35365,0.718022,0.2518
9150000,5,-0.966882,-3056.43,1.51422,0.726772,0.262933
9200000,2,-0.317706,-3065.52,0.922127,0.75605,0.25955
9250000,3,-2.92113,-3057.55,3.97624,0.747378,0.2538
9300000,3,-0.8188,-3064.64,1.0655,0.733121,0.26705
9350000,2,-1.4572,-3072.33,1.69373,0.70278,0.259767
9400000,2,-0.778413,-3073.31,1.09859,0.674219,0.263
9450000,4,-2.15865,-3062.6,1.86391,0.728349,0.2588
9500000,4,-1.3864,-3063.46,2.20294,0.725651,0.256
9550000,2,-0.483102,-3063.93,1.10413,0.688269,0.2709
9600000,2,-1.40791,-3066.94,1.9601,0.735372,0.2465
9650000,2,-1.55501,-3065.73,2.22844,0.734561,0.2523
9700000,3,-1.42767,-3066.03,2.08215,0.695575,0.26085
9750000,4,-0.563582,-3066.59,0.914299,0.708447,0.2511
9800000,3,-1.43997,-3062.02,1.60773,0.728717,0.258586
9850000,2,-0.427291,-3069.04,1.00149,0.710098,0.2573
9900000,2,-0.775837,-3066.14,1.24458,0.745294,0.25745
9950000,3,-0.168683,-3055.25,0.900967,0.695077,0.263017
10000000,3,-3.64063,-3062.93,3.20359,0.708508,0.257283
10050000,2,-1.20509,-3068.57,1.7888,0.669861,0.258471
10100000,2,-0.57015,-3067.99,1.08899,0.709761,0.2454
10150000,3,-1.81607,-3070.35,2.44618,0.706132,0.2594
10200000,3,-1.55617,-3063.03,1.68145,0.719082,0.2425
10250000,2,0.275207,-3063.91,0.343988,0.725989,0.2461
10300000,3,-3.76276,-3065.06,1.99146,0.707791,0.254533
10350000,0,-0.0334083,-3093.05,0.0334083,0.725928,0.26335
10400000,6,-3.34355,-3051.31,4.23831,0.731271,0.2455
10450000,3,-1.78773,-3066.01,1.939,0.717796,0.252075
10500000,2,-0.418345,-3064.54,0.959394,0.693461,0.2519
10550000,2,-1.42424,-3069.31,1.87695,0.720997,0.2522
10600000,4,0.185551,-3059.17,1.18804,0.720813,0.2572
10650000,2,-0.383486,-3064.62,1.11283,0.688426,0.2484
10700000,4,-1.3586,-3066.64,1.81047,0.730647,0.2418
10750000,2,-1.6813,-3071.71,2.04169,0.691688,0.247
10800000,3,-0.0356758,-3062.81,1.0636,0.72733,0.2604
10850000,2,0.33098,-3070.22,0.368588,0.71281,0.2499
10900000,2,-1.12329,-3069.34,1.57141,0.699422,0.2485
10950000,3,-0.898652,-3062.46,1.70372,0.697399,0.25624
11000000,3,-0.489327,-3063.58,1.84454,0.740674,0.2565
11050000,3,-1.34723,-3062.37,2.3616,0.686169,0.2733
11100000,3,-0.517176,-3056.96,1.42618,0.741338,0.2448
11150000,3,-0.401554,-3058.96,1.04631,0.674396,0.2502
11200000,2,-0.642654,-3069.9,1.05764,0.684728,0.2263
11250000,2,-0.00915768,-3066.85,0.66501,0.689881,0.249433
11300000,2,-1.75379,-3068.95,2.20084,0.716999,0.2584
11350000,3,-1.18235,-3057.35,1.91176,0.740701,0.2366
11400000,3,-1.43371,-3066.31,1.68009,0.723374,0.25952
11450000,2,0.122387,-3067.29,0.592212,0.72928,0.245983
11500000,2,-2.07155,-3065.54,2.5792,0.697143,0.2552
11550000,2,0.0217652,-3071.42,0.410672,0.727242,0.25985
11600000,2,-1.15099,-3069.14,1.86079,0.699896,0.248
11650000,2,-3.22575,-3066.34,3.61046,0.673653,0.260236
11700000,3,-1.00003,-3062.16,2.09322,0.678604,0.2746
11750000,2,0.00781018,-3065,0.501167,0.729704,0.2441
11800000,3,-1.58391,-3062.22,2.59703,0.717746,0.2504
11850000,3,-0.589289,-3064.35,1.10545,0.701857,0.2639
11900000,3,0.110287,-3056.21,1.04713,0.698463,0.2556
11950000,2,-0.0697872,-3066.36,0.522469,0.744082,0.2427
12000000,2,-1.21397,-3071.84,1.67892,0.686807,0.254543
12050000,2,-0.811096,-3064.4,1.3795,0.696149,0.25934
12100000,2,-1.42066,-3065.38,2.08376,0.690873,0.2625
12150000,2,-0.231985,-3071.84,0.580601,0.724741,0.259967
12200000,4,-0.575328,-3055.8,1.14636,0.715521,0.249767
12250000,2,0.237309,-3066.58,0.434607,0.702498,0.2552
12300000,2,-0.740254,-3068.24,1.31031,0.714354,0.2532
12350000,3,-1.19511,-3065.58,1.39041,0.702427,0.2616
12400000,2,-1.50605,-3063.17,2.08771,0.738028,0.25205
12450000,2,-1.1056,-3063.56,1.63224,0.679911,0.25995
12500000,2,-1.26016,-3064.22,1.72301,0.730903,0.2631
12550000,2,-0.343444,-3068.31,0.721996,0.703805,0.25175
12600000,2,0.0474246,-3063.23,0.583324,0.708942,0.2591
12650000,2,-0.124467,-3064.27,0.653032,0.719878,0.2574
12700000,2,-1.46834,-3068.3,2.09954,0.733076,0.2576
12750000,2,-0.975295,-3069.27,1.60987,0.728629,0.259231
12800000,2,-0.344788,-3064.99,0.878822,0.718929,0.262425
12850000,2,0.136609,-3066.58,0.54139,0.755166,0.257675
12900000,5,-8.10499,-3066.19,3.805,0.701946,0.2604
12950000,4,-5.90059,-3064.13,5.74981,0.707052,0.26785
13000000,2,-2.03775,-3062.71,2.61476,0.700648,0.266767
13050000,3,0.110479,-3063.76,0.880202,0.730362,0.261255
13100000,2,0.125486,-3063.68,0.527236,0.722664,0.254383
13150000,1,-0.792207,-3077.5,1.15487,0.726769,0.252717
13200000,2,-1.68656,-3061.59,2.35652,0.715612,0.2545
13250000,4,-2.59262,-3059.62,3.8476,0.714552,0.242667
13300000,3,0.496678,-3058.25,0.512311,0.722182,0.258067
13350000,2,-0.67269,-3064.26,1.16736,0.700521,0.2643
13400000,2,-2.35502,-3064.6,3.08393,0.739184,0.2622
13450000,2,-0.853821,-3066.3,1.55352,0.693094,0.2497
13500000,2,-0.522842,-3067.96,1.00785,0.698164,0.262445
13550000,2,-0.278168,-3068.83,0.871409,0.726651,0.26402
13600000,3,-0.301896,-3062.69,1.34465,0.700207,0.2569
13650000,3,-0.664689,-3055.78,1.50146,0.735465,0.2526
13700000,2,-0.938493,-3064.3,1.38085,0.714973,0.26756
13750000,2,-0.334856,-3062.97,0.937608,0.722555,0.2616
13800000,2,-1.69232,-3075.66,1.8291,0.707244,0.24275
13850000,2,-0.0934308,-3071.01,0.491513,0.708711,0.259367
13900000,2,-3.55976,-3065.45,4.23463,0.699194,0.2478
13950000,3,-1.46846,-3062.36,2.21909,0.730219,0.2606
14000000,2,-2.55137,-3066.5,3.13061,0.745249,0.2621
14050000,2,-0.176164,-3063.1,0.739299,0.718929,0.23605
14100000,3,-0.448657,-3066.26,1.20002,0.708058,0.2454
14150000,2,-1.50239,-3063.94,2.0469,0.705266,0.281233
14200000,2,-0.751827,-3061.34,1.48552,0.725351,0.2542
14250000,2,-2.61778,-3068.15,3.28489,0.675196,0.2552
14300000,3,-1.47188,-3065.5,1.22313,0.715631,0.25714
14350000,2,-0.378424,-3064.04,1.02409,0.736618,0.2542
14400000,4,-1.8553,-3062.77,2.33448,0.710017,0.260375
14450000,2,0.341565,-3070.61,0.474821,0.721841,0.2644
14500000,2,-1.73634,-3066.43,2.14591,0.711789,0.2586
14550000,2,-0.691122,-3067.61,1.25808,0.737674,0.263467
14600000,3,-2.74636,-3063.29,3.23149,0.720719,0.262177
14650000,2,-1.44891,-3068.05,2.13009,0.726041,0.25758
14700000,2,-1.74479,-3066.23,2.24124,0.68663,0.260562
14750000,2,-1.17496,-3068.96,1.71496,0.744887,0.254683
14800000,4,-1.18926,-3067.82,2.13666,0.702311,0.255583
14850000,6,-6.02501,-3062.49,5.60919,0.686639,0.2714
14900000,2,-0.579267,-3063.05,1.36366,0.698293,0.264609
14950000,3,0.308281,-3061.12,0.754116,0.705243,0.2615
15000000,2,0.384279,-3062.17,0.16484,0.692866,0.25496
15050000,2,-0.561145,-3068.43,1.0157,0.743499,0.25292
15100000,2,-0.994189,-3065.82,1.68835,0.752727,0.255875
15150000,2,-0.0496565,-3067.76,0.61942,0.72848,0.2441
15200000,3,-2.09738,-3066.88,3.1423,0.732893,0.2485
15250000,3,-1.09427,-3067.03,1.72691,0.692973,0.2514
15300000,3,-3.7008,-3068.08,2.85489,0.705615,0.25665
15350000,3,-1.38164,-3057.48,2.16991,0.703097,0.25565
15400000,2,-0.654975,-3063.83,1.21882,0.73154,0.255862
15450000,3,-0.96567,-3063.49,1.03639,0.71398,0.2479
15500000,2,-0.337367,-3063.52,0.885468,0.722519,0.2514
15550000,2,-1.38909,-3062.34,2.18452,0.733918,0.26595
15600000,5,-0.986204,-3052.38,1.9639,0.724353,0.2518
15650000,2,-1.51683,-3067.72,2.14817,0.665376,0.2653
15700000,2,0.00590794,-3065.17,0.605644,0.687231,0.2432
15750000,1,-0.914971,-3076.98,1.21789,0.676752,0.25158
15800000,4,-0.962568,-3053.88,0.547093,0.72226,0.257406
15850000,3,-1.1929,-3056.82,1.83227,0.703738,0.2558
15900000,3,-1.14825,-3062.38,2.17138,0.704484,0.2711
15950000,3,-3.55037,-3068.15,3.83253,0.7575,0.24905
16000000,4,-3.15306,-3057.62,3.05355,0.68995,0.259535
16050000,3,-1.28266,-3062.96,1.35203,0.715773,0.25722
16100000,3,-1.29835,-3062.15,2.28921,0.710389,0.262933
16150000,2,-0.579997,-3066.29,1.25413,0.704746,0.2585
16200000,2,-0.481329,-3064.82,1.27035,0.707959,0.2491
16250000,4,0.544501,-3059.65,0.486887,0.67398,0.26121
16300000,2,-0.448925,-3064.13,1.26994,0.701218,0.264533
16350000,2,-1.79841,-3062.4,2.34791,0.722706,0.257067
16400000,2,-0.933762,-3067.55,1.43346,0.68259,0.25125
16450000,2,-0.0547183,-3067.31,0.908488,0.719505,0.24925
16500000,2,-0.24298,-3065.69,0.711352,0.727564,0.2634
16550000,3,-2.79507,-3064.03,2.91197,0.685405,0.2654
16600000,2,-0.613192,-3065.49,1.17094,0.692842,0.246
16650000,2,-3.94057,-3068.73,4.54806,0.74999,0.2609
16700000,2,-0.829797,-3064.3,1.52453,0.713216,0.2605
16750000,2,0.243658,-3068.69,0.251403,0.718792,0.24835
16800000,2,-0.389761,-3067.93,1.0426,0.69541,0.2576
16850000,3,-0.946264,-3066.16,1.75393,0.716447,0.2539
16900000,4,-1.02259,-3060.01,1.94011,0.683018,0.258891
16950000,4,-0.908879,-3056.62,1.85517,0.696551,0.253457
17000000,2,0.325501,-3063.26,0.310019,0.724886,0.2554
17050000,2,-1.13449,-3064.54,1.79278,0.725637,0.261075
17100000,2,-1.4279,-3068.77,2.13056,0.725702,0.2634
17150000,2,-0.363156,-3068.12,0.912965,0.726599,0.2465
17200000,3,-0.147819,-3073.21,1.13568,0.717622,0.25746
17250000,2,-0.249816,-3067.84,0.742422,0.686761,0.260575
17300000,3,0.116745,-3062.02,0.399626,0.727302,0.261871
17350000,2,-0.694311,-3067.37,1.25766,0.716863,0.2501
17400000,3,0.154123,-3060.37,0.821897,0.711602,0.2595
17450000,3,-1.62849,-3063.96,2.38673,0.719448,0.243
17500000,2,-1.30389,-3074.1,2.02703,0.715575,0.25745
17550000,2,-0.321649,-3062.84,1.0024,0.692971,0.25155
17600000,2,-2.32047,-3066.15,2.83951,0.673872,0.25685
17650000,3,-1.24376,-3062.06,0.76869,0.695771,0.25035
17700000,2,-1.29823,-3067.5,1.75038,0.709907,0.25395
17750000,3,-0.542302,-3060.31,1.65882,0.704776,0.254
17800000,3,-0.0614899,-3067.21,1.13337,0.72491,0.255431
17850000,2,0.199055,-3065.09,0.255481,0.727539,0.265875
17900000,1,-1.19633,-3077.04,1.56003,0.732435,0.2441
17950000,4,-4.34277,-3071.35,3.73258,0.725089,0.2564
18000000,2,-0.502739,-3065.47,0.924479,0.698542,0.257107
18050000,2,-2.03505,-3062.38,2.65573,0.683477,0.25245
18100000,3,-1.60764,-3064.57,1.75187,0.710808,0.2609
18150000,2,-0.0143947,-3066.79,0.757589,0.711669,0.2478
18200000,2,-0.29308,-3064.76,0.83797,0.705578,0.25945
18250000,2,-3.43661,-3063.94,4.08415,0.737298,0.266
18300000,2,-0.73632,-3066.94,1.30819,0.71484,0.261536
18350000,2,-0.593027,-3068.07,1.12199,0.735638,0.26085
18400000,3,0.0487054,-3060.33,0.911663,0.71521,0.266
18450000,2,-0.867227,-3065.45,1.46071,0.745512,0.2438
18500000,3,-1.56562,-3060.21,2.1545,0.703954,0.2407
18550000,3,-0.884417,-3059.89,1.93587,0.71542,0.267222
18600000,2,-0.480904,-3070.93,1.02338,0.765576,0.2617
18650000,2,-0.934726,-3064.85,1.46245,0.739295,0.254444
18700000,2,-1.74554,-3073.28,2.41262,0.670719,0.249975
18750000,3,-2.19364,-3060.59,1.14,0.697712,0.255317
18800000,3,-1.8714,-3062.44,2.80481,0.708276,0.252
18850000,2,-1.82541,-3065.3,2.4108,0.720874,0.2521
18900000,2,-1.55047,-3069.96,1.99491,0.722565,0.2604
18950000,2,-0.575907,-3062.22,1.21683,0.724507,0.2418
19000000,3,-1.93528,-3062.81,2.47162,0.722874,0.26919
19050000,3,-0.0319053,-3065.51,0.983794,0.739821,0.25345
19100000,2,-0.357592,-3066.2,0.948227,0.682909,0.25722
19150000,2,-0.257222,-3062.63,0.863343,0.731352,0.255967
19200000,2,-0.898843,-3064.71,1.39015,0.731254,0.2616
19250000,2,-0.422139,-3069.9,1.17165,0.699656,0.2611
19300000,1,-0.747724,-3080.06,1.07675,0.65292,0.240175
19350000,3,-1.78379,-3056.6,2.73367,0.727074,0.256875
19400000,2,-0.46777,-3069.81,1.1183,0.731457,0.25675
19450000,2,-1.83237,-3066.98,2.30832,0.756104,0.25752
19500000,2,0.328085,-3070.79,0.252149,0.739381,0.256433
19550000,4,-0.852192,-3056.56,1.86444,0.740325,0.25505
19600000,2,0.358457,-3067.32,0.245215,0.747279,0.272067
19650000,2,-1.23066,-3068.79,1.84389,0.760847,0.2638
19700000,4,-2.10129,-3062.95,2.11944,0.686367,0.2482
19750000,3,-3.0071,-3064.4,2.90585,0.743725,0.267533
19800000,3,-1.94209,-3057.98,2.97429,0.704044,0.255367
19850000,2,-0.157087,-3068.03,0.537843,0.684438,0.2621
19900000,2,-2.03151,-3066.7,2.83181,0.706978,0.2456
19950000,3,-0.76338,-3065.49,1.38302,0.748444,0.2642
20000000,4,-3.42769,-3062.51,2.93357,0.760205,0.25866
20050000,3,-6.58352,-3064.05,3.91655,0.732562,0.23115
20100000,2,-1.48479,-3064.85,1.9931,0.732639,0.256883
20150000,2,-1.66086,-3065.35,2.22298,0.734166,0.2494
20200000,2,-0.0335122,-3065.89,0.783226,0.700971,0.25395
20250000,2,0.387904,-3064.68,0.187228,0.741012,0.2578
20300000,2,-0.953071,-3070.86,1.53812,0.758111,0.2561
20350000,2,-2.03023,-3062.36,2.64179,0.727949,0.253167
20400000,2,-0.72193,-3067.32,1.25253,0.713874,0.2656
20450000,2,-0.675212,-3065.96,1.30724,0.725546,0.256362
20500000,3,-2.29215,-3074.86,1.88057,0.714057,0.2602
20550000,4,-1.90763,-3064.84,3.45529,0.679913,0.2441
20600000,2,-0.629236,-3065.72,1.14705,0.692324,0.255206
20650000,2,-0.624206,-3072.49,1.19391,0.714343,0.25925
20700000,2,-1.37111,-3063.17,1.97116,0.712106,0.260933
20750000,3,-3.17818,-3058.77,3.84605,0.756446,0.254227
20800000,4,-1.22118,-3059.87,2.23775,0.703034,0.26
20850000,2,-0.850035,-3067.1,1.43014,0.699345,0.258836
20900000,2,-1.25058,-3066.17,1.88325,0.679704,0.254783
20950000,2,0.0461033,-3065.7,0.550143,0.731526,0.2652
21000000,2,-0.266556,-3063.87,0.895948,0.717841,0.2726
21050000,3,-0.177281,-3060.91,1.44206,0.734968,0.2516
21100000,2,-0.746992,-3064.78,1.4523,0.711132,0.254367
21150000,2,-1.47577,-3069.35,2.19506,0.72898,0.2455
21200000,2,-2.85835,-3070.41,3.23254,0.723674,0.26126
21250000,2,-0.758927,-3065.86,1.49828,0.722698,0.2522
21300000,2,-1.4996,-3067.53,1.94879,0.742591,0.2477
21350000,2,-0.200964,-3067.57,0.923021,0.75359,0.249
21400000,2,0.178231,-3068.16,0.525385,0.717665,0.267343
21450000,2,-0.0891327,-3069.84,0.766844,0.738588,0.2612
21500000,2,-0.664965,-3067.89,1.2251,0.710892,0.2584
21550000,3,-0.0180787,-3064.98,0.72323,0.741133,0.255243
21600000,2,-0.573148,-3065.64,1.19539,0.686925,0.2633
21650000,2,-0.492841,-3062.44,1.18332,0.712979,0.240067
21700000,2,0.269886,-3066.05,0.340585,0.720126,0.2669
21750000,2,-0.167106,-3064.93,0.909102,0.734747,0.2429
21800000,2,-0.668548,-3068.03,1.19422,0.719466,0.2501
21850000,2,-0.0228272,-3068.55,0.676755,0.761549,0.2644
21900000,3,-0.103623,-3063.9,0.86492,0.732142,0.2645
21950000,2,-0.970848,-3065.33,1.49907,0.732504,0.261
22000000,2,-0.878844,-3067.23,1.46815,0.737785,0.26047
22050000,3,-0.666718,-3060.38,1.66633,0.723026,0.2818
22100000,3,-1.07087,-3057.96,2.05687,0.705502,0.258133
22150000,2,-0.104106,-3061.79,0.74126,0.702618,0.255443
22200000,2,-0.0852187,-3065.41,0.783264,0.733525,0.267043
22250000,3,-1.76318,-3065.03,1.37227,0.736436,0.25935
22300000,3,-1.23098,-3064.11,2.26395,0.690402,0.266825
22350000,2,-0.87345,-3068.46,1.33063,0.671625,0.255743
22400000,2,-1.62855,-3063.33,2.27366,0.696416,0.2316
22450000,2,-1.17647,-3066.9,1.69231,0.733766,0.254067
22500000,4,-0.699377,-3061.94,1.64473,0.722885,0.25495
22550000,2,0.201503,-3063.59,0.379114,0.73172,0.27225
22600000,2,-1.4666,-3065.31,1.91631,0.734214,0.2482
22650000,2,-1.4111,-3066.29,1.8532,0.716147,0.25915
22700000,1,0.1216,-3075.72,0.275335,0.759511,0.25366
22750000,3,-2.14382,-3059.82,3.39442,0.730489,0.253
22800000,3,-0.525992,-3071.98,1.50499,0.739497,0.24815
22850000,2,0.212744,-3062.89,0.435252,0.698358,0.2574
22900000,3,-3.58927,-3068.48,2.89731,0.677148,0.27
22950000,2,-4.10931,-3066.79,4.63872,0.69455,0.25564
23000000,4,-3.38697,-3066.09,3.79226,0.719015,0.2558
23050000,2,-1.27981,-3066.17,1.81269,0.759646,0.262008
23100000,3,-0.902454,-3061.63,1.77276,0.745245,0.2496
23150000,1,0.0625716,-3075.93,0.256917,0.71653,0.242
23200000,3,-0.315309,-3063.19,0.404803,0.716442,0.2615
23250000,4,-1.22144,-3057.93,1.47435,0.718581,0.25475
23300000,3,-0.745982,-3063.46,0.887341,0.72817,0.2478
23350000,3,-3.10481,-3065.7,2.53957,0.721861,0.25275
23400000,2,-2.30378,-3065.98,2.89943,0.731687,0.255375
23450000,2,-2.4468,-3063,2.99773,0.711182,0.257043
23500000,3,0.236176,-3065.03,0.851311,0.729098,0.24785
23550000,3,-0.163628,-3064.43,0.594853,0.729294,0.25522
23600000,2,-0.325754,-3067.46,0.898965,0.775538,0.2553
23650000,2,-0.189967,-3066.67,0.899041,0.711777,0.2518
23700000,3,-2.69993,-3066.42,1.68162,0.710899,0.254367
23750000,2,-2.3039,-3069.62,2.99284,0.689122,0.2622
23800000,2,-1.54327,-3064.41,2.12204,0.693022,0.25825
23850000,2,-0.927652,-3067.01,1.38987,0.690783,0.2503
23900000,3,-1.29258,-3061.9,2.1877,0.718087,0.2528
23950000,5,-5.61897,-3063.43,5.56598,0.680937,0.2627
24000000,3,-1.79007,-3063.71,2.75822,0.733025,0.251733
24050000,2,-0.691022,-3065.34,1.33894,0.70536,0.249
24100000,3,-3.4766,-3070.55,2.23749,0.743898,0.2509
24150000,2,-2.2091,-3069.4,2.88304,0.732503,0.2524
24200000,2,-0.110603,-3063.02,0.747499,0.722479,0.25085
24250000,2,-1.93833,-3067.65,2.4827,0.677105,0.255589
24300000,5,-1.80758,-3054.51,1.24471,0.737494,0.2387
24350000,3,-4.21963,-3063.1,4.09298,0.731638,0.258369
24400000,3,-1.48816,-3062.66,2.31208,0.73063,0.2489
24450000,3,-1.44143,-3065.88,0.97744,0.729332,0.257333
24500000,3,-2.816,-3069.18,2.56643,0.718818,0.257
24550000,3,-2.00041,-3064.15,2.62306,0.719653,0.247733
24600000,5,-6.06167,-3061.48,5.65453,0.706189,0.2591
24650000,2,-1.69412,-3065.05,2.24931,0.674764,0.25365
24700000,3,-0.684566,-3062.4,1.3228,0.698409,0.2572
24750000,2,0.15581,-3061.5,0.519117,0.735965,0.2552
24800000,2,0.22522,-3063.56,0.538382,0.74537,0.2578
24850000,1,-2.23385,-3073.09,2.5681,0.70877,0.2347
24900000,2,-0.371168,-3065.65,0.96327,0.73403,0.25042
24950000,2,0.403812,-3064.48,0.274061,0.706054,0.2503
25000000,2,-0.295469,-3065.09,0.856415,0.696304,0.261862
25050000,2,-1.60492,-3071.26,1.94487,0.711186,0.252325
25100000,2,-0.415852,-3067.58,1.17523,0.73139,0.253523
25150000,3,0.462875,-3065,0.737736,0.726997,0.2431
25200000,2,-1.09467,-3067.48,1.62367,0.695243,0.26142
25250000,5,-4.76274,-3068.48,3.68985,0.749003,0.25562
25300000,4,-1.14887,-3071.97,0.779969,0.725318,0.249867
25350000,2,-1.11519,-3067.96,1.66252,0.69477,0.25025
25400000,2,-0.446921,-3065.29,0.973221,0.732546,0.250975
25450000,2,-0.0799,-3068.38,0.575857,0.7002,0.255091
25500000,3,-2.57247,-3066.35,1.9259,0.743691,0.2591
25550000,2,-0.433034,-3066.55,1.16404,0.684771,0.2478
25600000,2,-1.73821,-3066.47,2.26072,0.704467,0.2509
25650000,2,-0.375429,-3066.25,0.810004,0.74626,0.252233
25700000,2,-2.62519,-3065.01,3.09854,0.676426,0.2455
25750000,3,-2.32981,-3060.2,2.96949,0.720812,0.246875
25800000,3,-0.286556,-3070.76,0.791403,0.734994,0.2532
25850000,2,-1.10738,-3065.12,1.82641,0.695611,0.253867
25900000,4,-2.8574,-3066.29,3.27775,0.711991,0.2529
25950000,2,-1.33214,-3066.04,2.05744,0.712011,0.263167
26000000,1,-0.274668,-3075.89,0.59718,0.709118,0.2402
26050000,4,-1.86319,-3057.92,2.55868,0.727788,0.2687
26100000,2,-2.95602,-3067.48,3.32887,0.681814,0.2548
26150000,2,-0.634621,-3065.29,1.3028,0.681097,0.2563
26200000,2,-2.01584,-3066.94,2.58321,0.670699,0.254
26250000,2,0.199016,-3068.74,0.377926,0.672843,0.257387
26300000,3,-1.40097,-3055.84,2.2029,0.70144,0.2516
26350000,3,-0.678603,-3064.13,1.54448,0.700562,0.2324
26400000,4,-1.10949,-3061.4,1.15862,0.715337,0.2583
26450000,2,-1.25956,-3075.67,1.81046,0.750426,0.2465
26500000,2,-1.45025,-3070.03,1.94763,0.704453,0.2605
26550000,3,-2.14356,-3068.21,2.29308,0.730482,0.2367
26600000,2,-1.65677,-3065.14,2.35757,0.715867,0.260186
26650000,2,-0.659902,-3065.23,1.12484,0.703656,0.2494
26700000,2,-0.447091,-3061.94,1.05035,0.698523,0.2331
26750000,2,0.0992847,-3065.86,0.528075,0.689253,0.262111
26800000,2,-1.69126,-3064.98,2.25182,0.683241,0.24325
26850000,2,-0.849313,-3062.61,1.44115,0.687866,0.24895
26900000,2,-0.207644,-3068.97,0.648194,0.704462,0.2544
26950000,4,-1.03005,-3054.47,1.93847,0.720437,0.2553
27000000,4,-2.65082,-3060.7,4.06433,0.737257,0.2569
27050000,2,-1.29605,-3071.12,1.96185,0.70521,0.2562
27100000,3,-0.987139,-3062.68,1.82723,0.711314,0.253143
27150000,2,0.0606373,-3065.28,0.650447,0.717824,0.253167
27200000,2,-0.833236,-3069,1.43668,0.685818,0.2524
27250000,2,-0.768972,-3062.24,1.44865,0.712605,0.2553
27300000,4,-1.47663,-3066.36,2.58514,0.717215,0.27596
27350000,3,0.240677,-3064.51,0.54848,0.733719,0.258129
27400000,2,-2.67091,-3065.22,3.20821,0.723427,0.256414
27450000,4,-2.51882,-3065.19,1.91876,0.711609,0.24775
27500000,2,-1.36222,-3070.52,1.8622,0.690632,0.254567
27550000,2,-0.201193,-3065.62,0.732344,0.684612,0.2631
27600000,3,-2.37504,-3067.3,2.61881,0.708219,0.260933
27650000,3,-1.47406,-3062.02,2.23362,0.723749,0.26166
27700000,2,-1.11132,-3075.27,1.77833,0.698367,0.2604
27750000,2,-1.70989,-3067.7,2.21798,0.72461,0.25715
27800000,2,-1.1659,-3062.1,1.85354,0.744936,0.2457
27850000,1,0.235781,-3072.23,0.118252,0.699867,0.254643
27900000,2,-0.260914,-3063.69,0.847854,0.740087,0.2644
27950000,3,-3.50274,-3062.57,2.18741,0.73424,0.272
28000000,1,-0.00224478,-3076.33,0.318293,0.732964,0.2276
28050000,2,-0.273979,-3069.99,0.612382,0.745265,0.2647
28100000,3,-0.0335924,-3066.51,0.951692,0.749515,0.2671
28150000,2,-0.0976206,-3070.37,0.806418,0.745089,0.260171
28200000,2,-1.35964,-3073.89,1.86594,0.669507,0.2558
28250000,3,-2.59757,-3075.48,3.08213,0.705258,0.2513
28300000,2,-1.13358,-3064.52,1.66672,0.697275,0.257333
28350000,2,-2.43888,-3064.69,3.0525,0.720262,0.267029
28400000,3,-4.13234,-3068.02,4.75169,0.673231,0.2629
28450000,2,-2.62483,-3067.37,3.37272,0.684522,0.24645
28500000,2,-0.392653,-3063.34,1.05042,0.70738,0.254075
28550000,2,-0.979153,-3063.11,1.69647,0.726152,0.262
28600000,1,-0.470717,-3077.54,0.76087,0.701483,0.249062
28650000,2,-0.25261,-3063.6,0.909273,0.731705,0.2681
28700000,2,-0.793627,-3068.73,1.37686,0.734458,0.260475
28750000,3,-1.19888,-3060.95,2.2499,0.716596,0.26246
28800000,2,-0.386312,-3066.14,0.824933,0.739999,0.2596
28850000,3,0.313007,-3064.96,0.40394,0.724497,0.2494
28900000,3,-2.94361,-3063.79,3.73366,0.719949,0.26925
28950000,2,-0.320577,-3062.83,0.969516,0.687552,0.2586
29000000,3,-2.29595,-3066.52,2.04518,0.69535,0.262175
29050000,2,-2.11603,-3068.78,2.72912,0.706161,0.264
29100000,2,-1.23372,-3064.16,1.85363,0.709318,0.2669
29150000,2,-0.0309987,-3067.96,0.554847,0.690159,0.24315
29200000,2,-0.437509,-3064.97,0.986971,0.737536,0.255733
29250000,3,-0.667579,-3066.45,1.68178,0.714592,0.2628
29300000,2,-0.580476,-3065.79,1.28745,0.705495,0.257943
29350000,2,-1.97172,-3064.73,2.56164,0.735654,0.266033
29400000,2,-0.465379,-3067.24,1.0869,0.699794,0.2542
29450000,2,-0.702242,-3072.1,1.10779,0.695339,0.24685
29500000,2,-1.12669,-3065.62,1.79032,0.714403,0.2403
29550000,3,-0.877042,-3059.27,1.89244,0.729629,0.2333
29600000,2,0.171807,-3066.45,0.409467,0.735557,0.251975
29650000,3,-1.36142,-3064.64,2.24608,0.712805,0.25705
29700000,4,-4.14827,-3064.28,4.94232,0.718719,0.2647
29750000,2,-1.17445,-3069.28,1.73563,0.761757,0.2393
29800000,2,-0.607716,-3064.1,1.09033,0.724594,0.255
29850000,4,-1.27344,-3060.97,2.40305,0.705304,0.258267
29900000,5,-5.38272,-3059.7,4.92815,0.661541,0.263071
29950000,2,0.433704,-3069.75,0.179153,0.695796,0.2412
30000000,2,0.370899,-3063.9,0.265773,0.704706,0.2595
30050000,2,-0.0425331,-3065.54,0.712823,0.723228,0.25515
30100000,4,-2.01542,-3058.54,1.19977,0.741997,0.2475
30150000,3,-5.446,-3070.29,1.65405,0.724286,0.261443
30200000,2,-0.548059,-3066.13,1.33812,0.743707,0.247643
30250000,1,-0.186359,-3078.35,0.652428,0.743446,0.2488
30300000,2,-3.53074,-3072.24,2.25137,0.71221,0.25149
30350000,4,-1.89927,-3062.27,1.19474,0.70098,0.2433
30400000,2,-1.38657,-3066.74,1.84616,0.689364,0.2677
30450000,5,-0.486622,-3052.59,1.88022,0.698227,0.2403
30500000,4,-2.55331,-3059.73,3.70922,0.691805,0.2619
30550000,2,-1.72104,-3063.79,2.46917,0.68988,0.2571
30600000,3,-3.34297,-3058.15,3.44112,0.703928,0.2549
30650000,4,-2.70139,-3064.3,3.89411,0.70715,0.25875
30700000,2,-0.231048,-3063.2,0.971153,0.715478,0.2506
30750000,2,-1.6075,-3070.54,2.13881,0.716934,0.24
30800000,2,-1.79638,-3069.29,2.39245,0.698554,0.249971
30850000,2,-2.29518,-3069.18,2.76675,0.751851,0.2727
30900000,2,-0.136542,-3064.93,0.62611,0.733353,0.2513
30950000,3,-3.09081,-3073.89,3.68436,0.743903,0.26645
31000000,3,-1.5983,-3061.03,2.86096,0.758958,0.2746
31050000,3,-0.902575,-3055.49,2.11822,0.70694,0.2648
31100000,4,-4.42941,-3066.16,3.19402,0.697371,0.2476
31150000,2,-0.377142,-3062.95,0.952447,0.720261,0.264475
31200000,2,-3.75252,-3068.67,4.33915,0.719987,0.25335
31250000,2,0.0415704,-3062.67,0.640178,0.697537,0.250833
31300000,3,-2.81257,-3065.74,2.6853,0.707854,0.2426
31350000,2,-1.11746,-3063.97,1.64609,0.717679,0.248667
31400000,2,-2.13743,-3067.94,2.56017,0.715828,0.2561
31450000,2,-0.149018,-3065.13,0.791193,0.709121,0.24795
31500000,2,-0.128095,-3063.2,0.640409,0.71525,0.24854
31550000,2,0.0564943,-3065.92,0.618871,0.709967,0.255
31600000,2,0.0299363,-3063.75,0.699318,0.712075,0.254833
31650000,2,-0.652213,-3070.13,1.07249,0.688146,0.2303
31700000,3,-1.92399,-3058.96,2.9783,0.719732,0.260264
31750000,2,-0.690794,-3066.08,1.2379,0.677726,0.2394
31800000,2,-0.263422,-3061.89,0.872465,0.722548,0.25065
31850000,2,-0.2298,-3064.59,0.91776,0.735324,0.2624
31900000,2,0.259084,-3063.56,0.414461,0.752197,0.2478
31950000,4,-2.73732,-3053.55,2.54317,0.723196,0.264275
32000000,2,-1.34772,-3067.24,1.84259,0.682988,0.253443
32050000,2,-0.745568,-3066.97,1.15721,0.714491,0.25875
32100000,2,-1.71069,-3072.77,2.21763,0.738678,0.24565
32150000,2,-0.345929,-3065,0.848217,0.728657,0.25535
32200000,4,-5.57813,-3055.13,5.22045,0.702881,0.256167
32250000,2,-0.183752,-3068.53,0.710035,0.777918,0.265083
32300000,2,-1.11705,-3066.51,1.60731,0.728585,0.2515
32350000,3,-2.46855,-3060.93,1.5979,0.695252,0.2423
32400000,2,-1.16512,-3066.31,1.63744,0.716547,0.25555
32450000,2,-3.02782,-3064.55,3.56011,0.709863,0.261475
32500000,4,-0.301532,-3060.58,1.02066,0.702195,0.26455
32550000,2,-0.633467,-3063.98,1.27972,0.727143,0.2565
32600000,2,0.0168666,-3072.75,0.684762,0.768446,0.250875
32650000,3,-1.16136,-3067.48,1.20527,0.739078,0.2619
32700000,2,-0.310532,-3065.9,0.829212,0.745552,0.260675
32750000,4,-4.32163,-3076.43,2.79735,0.703718,0.2735
32800000,2,-0.596786,-3067.39,1.07655,0.692825,0.2538
32850000,2,0.0173194,-3067.23,0.749419,0.725307,0.250071
32900000,2,-1.61342,-3073.2,2.11415,0.718879,0.249871
32950000,2,-1.14192,-3067.39,1.7307,0.722705,0.257482
33000000,2,-0.666346,-3068.48,1.17238,0.675765,0.2487
33050000,3,-1.6156,-3067.01,1.02495,0.68058,0.2484
33100000,2,-1.1048,-3062.2,1.8052,0.718244,0.2537
33150000,3,-0.241498,-3066.18,1.28698,0.728345,0.2512
33200000,2,-1.94259,-3064.07,2.49609,0.737244,0.2465
33250000,3,-0.412322,-3061.91,1.08869,0.668346,0.25875
33300000,2,-0.658239,-3066.71,1.16721,0.714461,0.250633
33350000,2,0.232652,-3068.57,0.31398,0.725741,0.2537
33400000,2,-0.41901,-3066.94,0.706947,0.703947,0.2565
33450000,3,-0.965136,-3065.39,1.65349,0.744664,0.255
33500000,2,-2.01118,-3062.8,2.69695,0.711592,0.250713
33550000,2,0.642251,-3069.46,0.116765,0.74851,0.25875
33600000,5,-4.50876,-3064.43,3.66406,0.70564,0.2711
33650000,2,0.0967963,-3067.07,0.57263,0.684239,0.24955
33700000,2,0.339119,-3070.02,0.280299,0.675221,0.246
33750000,2,-2.0032,-3063.89,2.64517,0.738689,0.251033
33800000,4,-1.43438,-3061.5,2.79922,0.715009,0.25225
33850000,3,-1.60195,-3060.79,2.59195,0.741582,0.265867
33900000,4,-3.61337,-3067.21,3.10849,0.71178,0.2527
33950000,3,-0.499543,-3061.04,1.47733,0.719845,0.263543
34000000,2,-2.14949,-3066.12,2.62622,0.722037,0.2671
34050000,2,-1.29979,-3064.79,1.8788,0.734547,0.26324
34100000,2,-0.563321,-3064.55,1.1505,0.710723,0.255311
34150000,2,-0.402051,-3065.43,1.01518,0.695547,0.2238
34200000,4,-1.70387,-3058.68,2.52034,0.72175,0.251
34250000,4,-2.06534,-3063.83,1.421,0.73476,0.25325
34300000,2,-0.699589,-3068.85,1.20079,0.741602,0.2539
34350000,2,-0.667311,-3067.6,1.25587,0.733298,0.258589
34400000,3,-2.61467,-3065.66,2.87326,0.702899,0.25408
34450000,3,-2.13938,-3063.76,3.00861,0.719377,0.2562
34500000,3,-3.09495,-3067.11,1.64827,0.758493,0.2542
34550000,3,-0.53002,-3064.29,1.07497,0.690276,0.2554
34600000,2,-1.65691,-3069.73,2.18344,0.746599,0.2551
34650000,2,-2.23471,-3064.51,2.99422,0.687379,0.268
34700000,2,-1.05119,-3065.49,1.76167,0.704849,0.2449
34750000,2,-1.40187,-3067.86,1.78013,0.734036,0.2481
34800000,4,-2.46654,-3067.56,1.96997,0.724085,0.248167
34850000,3,-0.357252,-3062.51,1.42093,0.711129,0.2494
34900000,2,-0.0679769,-3064.26,0.755903,0.695696,0.2523
34950000,2,-0.724924,-3065.98,1.45834,0.707523,0.2588
35000000,2,-3.40194,-3065.61,3.86773,0.683723,0.257487
35050000,2,-2.0308,-3064.31,2.73308,0.740712,0.2581
35100000,3,-2.15915,-3062.12,3.14847,0.720303,0.259675
35150000,3,-0.55743,-3056.32,1.41661,0.720719,0.242
35200000,4,-1.48273,-3064.68,2.47977,0.697896,0.2612
35250000,2,-0.965346,-3065.77,1.57014,0.728713,0.248333
35300000,2,-1.8546,-3065.22,2.45146,0.676433,0.25305
35350000,2,-0.904077,-3066.82,1.55225,0.688215,0.257067
35400000,3,-1.06774,-3064.86,1.6569,0.706727,0.2438
35450000,1,0.0235954,-3073.97,0.410544,0.708074,0.2793
35500000,2,-0.0184604,-3067.84,0.620992,0.695943,0.2546
35550000,2,-0.275569,-3071.49,0.794879,0.732533,0.2513
35600000,2,-0.654995,-3062.81,1.31034,0.696788,0.254
35650000,2,0.0175606,-3065.86,0.552542,0.739125,0.2634
35700000,2,0.202081,-3064.06,0.370605,0.697337,0.255867
35750000,2,-1.07164,-3068.8,1.62319,0.713539,0.2516
35800000,2,-1.28032,-3067.95,1.75636,0.690532,0.258825
35850000,3,-7.72715,-3065.8,8.36409,0.755326,0.2437
35900000,3,-1.99588,-3062.09,2.901,0.722431,0.2569
35950000,2,-1.04413,-3063.93,1.75072,0.681416,0.2681
36000000,2,-1.67284,-3065.66,2.40703,0.738702,0.2334
36050000,2,-1.52704,-3066,2.17774,0.731365,0.2591
36100000,3,-1.95541,-3071.77,2.70129,0.710963,0.26118
36150000,3,-1.80091,-3070.17,1.96355,0.700536,0.258675
36200000,2,-0.751987,-3066.98,1.08964,0.717845,0.2586
36250000,2,-0.372584,-3068.93,0.967849,0.71703,0.2685
36300000,3,-1.93579,-3064.26,2.96296,0.677305,0.2569
36350000,3,-1.77879,-3063.16,2.85074,0.702055,0.26068
36400000,7,-3.87633,-3055.06,4.57031,0.709842,0.2631
36450000,3,-1.94818,-3066.02,1.98634,0.670606,0.24315
36500000,2,-0.747739,-3062.06,1.41323,0.71722,0.2588
36550000,2,-2.83671,-3070.65,3.30808,0.68888,0.2633
36600000,2,-0.291862,-3066.32,0.729235,0.692313,0.2627
36650000,2,-0.326505,-3065.37,1.00854,0.709895,0.2479
36700000,2,-1.08889,-3063.67,1.75348,0.713667,0.2331
36750000,2,0.272281,-3062.63,0.31983,0.701604,0.2421
36800000,3,-0.54479,-3063.49,1.56082,0.693525,0.254791
36850000,2,-2.19529,-3066,2.89785,0.701016,0.251475
36900000,3,-2.19558,-3066.94,2.34483,0.707461,0.2635
36950000,2,-0.123352,-3062.49,0.752566,0.704952,0.260167
37000000,2,-0.384668,-3064.16,0.898908,0.720613,0.25354
37050000,2,-1.03585,-3069.29,1.59313,0.736466,0.255733
37100000,3,0.0511881,-3056.29,0.862361,0.738619,0.256271
37150000,2,0.0950502,-3066.14,0.613857,0.740105,0.2664
37200000,2,-0.943043,-3065,1.5407,0.658268,0.2349
37250000,5,-1.04231,-3061.62,2.53151,0.732103,0.2672
37300000,3,-1.61885,-3063.05,2.50543,0.742033,0.264833
37350000,2,-1.64121,-3072.11,2.09882,0.673543,0.2726
37400000,2,-0.427237,-3062.17,1.04706,0.721222,0.2395
37450000,2,-0.354536,-3063.93,0.942562,0.681868,0.2587
37500000,4,-2.95041,-3060.68,3.80752,0.72372,0.258283
37550000,2,-0.195298,-3065.52,0.850899,0.716161,0.2602
37600000,2,-1.48164,-3073.58,1.98192,0.762332,0.256333
37650000,2,-0.504141,-3067.64,0.971336,0.695467,0.25115
37700000,1,-0.345422,-3074.57,0.65395,0.709331,0.255236
37750000,2,-0.408163,-3067.88,0.850566,0.686671,0.252
37800000,3,-0.608315,-3066.71,1.31128,0.720229,0.25925
37850000,3,-0.567451,-3067.33,1.14511,0.72091,0.2301
37900000,3,-1.83906,-3058.55,3.04375,0.732092,0.2605
37950000,3,-1.90228,-3059.88,1.35015,0.720685,0.26015
38000000,2,-0.0963729,-3064.91,0.838165,0.701781,0.2455
38050000,3,-0.405578,-3055.48,1.3,0.693057,0.256943
38100000,2,-3.38428,-3069.86,3.92524,0.754521,0.2586
38150000,2,-1.09923,-3061.7,1.71598,0.71389,0.254529
38200000,2,-0.454981,-3070.14,1.00834,0.718884,0.2581
38250000,2,-0.461736,-3063.6,1.07032,0.714004,0.255367
38300000,3,0.817216,-3060.72,0.120476,0.721519,0.247
38350000,2,0.605716,-3065.94,0.13797,0.724565,0.2605
38400000,2,-0.553341,-3067.78,1.12986,0.710309,0.25665
38450000,2,-0.254814,-3063.81,1.04193,0.722246,0.2616
38500000,2,-0.103328,-3065.21,0.899941,0.696594,0.2514
38550000,2,-0.940727,-3062.61,1.38514,0.71968,0.251
38600000,2,-0.55593,-3064.23,1.16327,0.719741,0.2527
38650000,2,-2.10283,-3064.03,2.62619,0.698307,0.24945
38700000,3,-1.17694,-3055.68,2.00894,0.742027,0.24205
38750000,2,-1.89278,-3068.88,2.37875,0.712258,0.2498
38800000,2,-0.995773,-3065.35,1.63506,0.724202,0.2378
38850000,3,-1.10964,-3058.07,1.70598,0.70178,0.25046
38900000,3,-3.908,-3057.32,4.87151,0.75162,0.25185
38950000,3,-2.25336,-3065.46,2.91922,0.743105,0.2497
39000000,2,-0.247609,-3064.58,0.683034,0.742429,0.272233
39050000,2,-0.284599,-3065.02,0.972783,0.67549,0.262533
39100000,3,0.0478639,-3060.92,0.731676,0.699219,0.2602
39150000,3,-0.67681,-3063.79,1.47081,0.712752,0.249
39200000,3,-1.81313,-3067.63,1.84521,0.701152,0.2325
39250000,2,0.0215749,-3064.5,0.425293,0.714197,0.2466
39300000,2,-2.08969,-3064.94,2.56643,0.709765,0.2611
39350000,3,-0.957853,-3055.83,1.73455,0.684316,0.2531
39400000,3,-2.31913,-3064.9,3.0423,0.706849,0.2586
39450000,2,0.477443,-3064.47,0.304674,0.706585,0.2579
39500000,2,-2.89511,-3067.44,3.43985,0.690381,0.26095
39550000,3,-2.19456,-3063.02,3.22204,0.69763,0.263824
39600000,3,-0.123024,-3067.46,0.920377,0.703679,0.25298
39650000,3,-2.21488,-3062.92,2.90274,0.722946,0.244429
39700000,2,-2.43214,-3066.54,2.98625,0.726545,0.261033
39750000,2,-0.247141,-3063.44,0.897662,0.709096,0.2491
39800000,4,-3.34578,-3060.48,1.82569,0.718125,0.241733
39850000,3,-1.50983,-3065.1,1.38002,0.726144,0.2517
39900000,3,-0.541895,-3056.82,1.84644,0.697651,0.2637
39950000,2,-2.39562,-3061.7,3.07981,0.741592,0.2609
40000000,2,-0.27145,-3068.06,0.90332,0.766984,0.259
40050000,3,-3.98468,-3059.26,4.94499,0.699804,0.2508
40100000,2,-0.919379,-3063.09,1.5056,0.70286,0.25632
40150000,4,-2.76354,-3067.29,3.71753,0.740387,0.249
40200000,3,-1.52675,-3065.94,1.7613,0.741577,0.2519
40250000,2,-0.00107021,-3065.65,0.537967,0.735703,0.25794
40300000,2,-0.128932,-3072.52,0.744535,0.65798,0.254
40350000,4,-4.35603,-3062.86,3.15542,0.706452,0.2323
40400000,3,-1.21335,-3063.44,2.241,0.736188,0.252
40450000,2,-1.68433,-3068.36,2.2236,0.690159,0.23986
40500000,2,-0.673697,-3066.99,1.09732,0.672087,0.268967
40550000,3,-0.728976,-3065.77,0.964751,0.701223,0.2595
40600000,2,-0.249937,-3075.59,0.536316,0.76193,0.2629
40650000,3,-1.18171,-3065.61,1.2019,0.705991,0.260733
40700000,3,-0.278184,-3058.38,1.16406,0.702415,0.258683
40750000,2,-0.295805,-3068.19,0.852043,0.710632,0.2578
40800000,2,-0.500407,-3068.1,0.930007,0.724442,0.2613
40850000,3,-1.81669,-3074.33,2.28901,0.700805,0.2581
40900000,2,-0.713284,-3065.21,1.24692,0.724846,0.252733
40950000,2,-1.22237,-3064.46,1.88458,0.725489,0.25066
41000000,4,-3.49278,-3061.19,2.48861,0.704737,0.248
41050000,2,-2.74368,-3062.11,3.31031,0.695538,0.261214
41100000,2,-0.699159,-3066.89,1.15818,0.736068,0.25455
41150000,2,-0.830711,-3069.09,1.47604,0.686284,0.250844
41200000,3,-1.40847,-3065.03,1.24905,0.706274,0.2311
41250000,2,-0.952232,-3066.5,1.4587,0.699191,0.25138
41300000,2,-1.28141,-3063.73,1.89795,0.723214,0.265225
41350000,2,-1.09677,-3064,1.67538,0.698784,0.2452
41400000,2,-1.01423,-3061.31,1.68324,0.710602,0.250975
41450000,3,-1.94527,-3063.96,2.02283,0.707784,0.2477
41500000,3,-2.47342,-3062.18,2.16855,0.682558,0.2773
41550000,3,-0.556016,-3061.96,1.65039,0.74172,0.2635
41600000,2,-1.92846,-3067.16,2.37861,0.69834,0.2416
41650000,2,-0.283021,-3064.87,0.793545,0.733278,0.252775
41700000,2,-1.61795,-3066.86,2.04993,0.702461,0.261417
41750000,2,-0.609721,-3069.29,1.27969,0.749397,0.2741
41800000,4,-2.14811,-3059.97,3.42209,0.73291,0.25125
41850000,3,0.611029,-3062.77,0.391372,0.724063,0.2461
41900000,2,-1.27052,-3069.79,1.70068,0.710627,0.25792
41950000,3,-1.063,-3061.87,1.77654,0.713874,0.2667
42000000,3,-4.70737,-3058.17,3.40166,0.703929,0.2517
42050000,3,-2.3299,-3068.34,2.99475,0.762799,0.250775
42100000,4,-4.45011,-3053.79,4.40666,0.722001,0.2611
42150000,2,-1.04315,-3068,1.48732,0.721805,0.2613
42200000,2,-0.968353,-3063.53,1.58364,0.719038,0.255333
42250000,2,-0.585667,-3067.87,1.21858,0.695199,0.2637
42300000,3,-0.504312,-3067.45,0.888673,0.706034,0.255029
42350000,2,-0.413599,-3071.36,1.05898,0.726167,0.25795
42400000,4,-1.15152,-3058.89,2.03913,0.744066,0.2757
42450000,2,-0.574876,-3061.73,1.23872,0.719078,0.2618
42500000,2,-0.785899,-3062.45,1.45727,0.720768,0.262587
42550000,3,0.342498,-3063.19,0.726863,0.693334,0.247775
42600000,3,0.36391,-3057.19,0.437129,0.693528,0.2659
42650000,2,-1.14937,-3068.99,1.74857,0.709787,0.2514
42700000,2,-0.448742,-3061.92,1.00091,0.72988,0.2534
42750000,2,-0.98742,-3065.38,1.57561,0.729139,0.24455
42800000,2,-0.798933,-3064.34,1.30354,0.726728,0.25515
42850000,2,0.0564553,-3062.53,0.614747,0.722335,0.25555
42900000,2,-0.66673,-3064.07,1.15932,0.728353,0.265
42950000,2,-0.627472,-3065.67,1.20427,0.726074,0.2479
43000000,2,-0.735459,-3068.97,1.38228,0.683489,0.26315
43050000,2,0.124591,-3066.49,0.362467,0.710651,0.2531
43100000,4,-2.08953,-3070.45,2.89009,0.743735,0.257075
43150000,2,-1.25231,-3065.72,1.72754,0.730917,0.2519
43200000,2,-2.29633,-3066.38,2.67075,0.738308,0.2567
43250000,2,-1.36137,-3066.68,1.93047,0.697684,0.2529
43300000,2,-0.375713,-3065.02,0.898886,0.687808,0.260633
43350000,2,-0.500487,-3068.41,1.16277,0.690595,0.258967
43400000,3,-1.89446,-3059.65,2.67374,0.72421,0.258
43450000,2,-0.274975,-3063.3,0.920041,0.729419,0.2487
43500000,3,-0.988113,-3062.62,2.04945,0.725417,0.258243
43550000,2,-1.46503,-3066.76,2.0095,0.713479,0.2289
43600000,2,-2.94977,-3065.77,3.51596,0.709331,0.2492
43650000,2,-0.0548046,-3076.01,0.722364,0.698194,0.25112
43700000,2,0.312909,-3067.46,0.491798,0.655383,0.25804
43750000,2,-1.07775,-3066.58,1.61122,0.712927,0.2407
43800000,2,-0.895922,-3068.09,1.39634,0.731427,0.2532
43850000,2,-0.174882,-3063.9,0.864413,0.711706,0.2481
43900000,2,-1.34162,-3068.25,1.87983,0.730393,0.25435
43950000,2,-0.342818,-3071.04,0.967352,0.747714,0.2496
44000000,3,-1.58743,-3062.46,1.73917,0.70872,0.25858
44050000,3,-2.19537,-3062.77,1.63713,0.701561,0.250867
44100000,2,-1.95579,-3069.1,2.53344,0.70844,0.2586
44150000,2,-0.420409,-3067.61,1.04478,0.695607,0.254643
44200000,2,-1.13941,-3066.68,1.50592,0.714977,0.24065
44250000,2,0.0601035,-3065.84,0.685209,0.692692,0.2656
44300000,2,0.0211447,-3071.19,0.582267,0.745927,0.25115
44350000,3,-2.83072,-3064.56,3.24612,0.736699,0.2739
44400000,3,-0.446725,-3064.61,1.01096,0.690374,0.2584
44450000,2,-3.3306,-3068.03,3.87516,0.720609,0.2497
44500000,5,-1.08931,-3061.56,2.09572,0.691292,0.251425
44550000,2,-0.818589,-3064.46,1.3829,0.727104,0.2639
44600000,5,-1.17196,-3057.63,2.04758,0.705959,0.25235
44650000,2,0.120042,-3069.62,0.372101,0.697385,0.2656
44700000,2,-1.37459,-3063.08,2.15845,0.708715,0.2535
44750000,2,-0.670768,-3065.79,1.22279,0.710301,0.2545
44800000,3,0.383191,-3054.7,0.37657,0.72024,0.2515
44850000,2,-1.0488,-3064.99,1.50974,0.730745,0.25755
44900000,3,-0.803452,-3073.77,1.46112,0.719367,0.263617
44950000,2,-0.727691,-3065.79,1.36334,0.715776,0.2605
45000000,5,-4.037,-3056.46,4.06867,0.723746,0.254054
45050000,3,-0.853849,-3056.98,1.67886,0.690756,0.262322
45100000,4,-2.23501,-3065.64,1.0783,0.693404,0.263225
45150000,2,0.376719,-3063.29,0.254497,0.71217,0.258
45200000,3,-1.56473,-3056.87,2.49718,0.734113,0.25875
45250000,2,-1.24164,-3068.15,1.96438,0.716929,0.265733
45300000,3,-0.830773,-3060.52,1.65177,0.699558,0.252172
45350000,2,-0.440182,-3066.43,1.01772,0.738469,0.25435
45400000,2,0.0175614,-3071.5,0.532856,0.709335,0.25565
45450000,2,0.197015,-3065.88,0.472753,0.707643,0.256108
45500000,2,-0.823306,-3062.72,1.4731,0.712039,0.2616
45550000,3,-1.58802,-3057.39,2.35693,0.687942,0.257822
45600000,2,-0.0303827,-3063.37,0.625253,0.717388,0.2608
45650000,2,-0.951936,-3066.79,1.6294,0.706894,0.26855
45700000,2,-0.0249849,-3063.18,0.690058,0.723593,0.265
45750000,2,-0.00371622,-3067.63,0.630692,0.714492,0.2657
45800000,2,0.191694,-3067.26,0.385062,0.717151,0.2556
45850000,2,-1.02688,-3064.93,1.78321,0.712881,0.2614
45900000,2,-3.1739,-3065.73,3.71746,0.69739,0.2561
45950000,3,0.0161214,-3062.3,0.653567,0.742427,0.25245
46000000,2,0.126718,-3067.79,0.537287,0.704591,0.2493
46050000,3,0.246065,-3062.64,0.552745,0.72142,0.2521
46100000,3,-0.605775,-3067.32,1.49293,0.712354,0.25605
46150000,2,-1.57772,-3067.3,2.16021,0.710975,0.2613
46200000,2,-0.867455,-3061.05,1.68918,0.699179,0.260263
46250000,2,-0.500243,-3064.2,1.02241,0.701028,0.2424
46300000,3,-0.127594,-3066.41,0.716765,0.717139,0.2664
46350000,3,-2.13964,-3062.44,1.90081,0.723031,0.2633
46400000,2,-2.59235,-3064.38,3.09868,0.697013,0.2694
46450000,2,-0.19568,-3064.4,0.552297,0.71129,0.262633
46500000,2,0.36962,-3065.14,0.225515,0.690594,0.250533
46550000,4,-0.967162,-3069.26,0.207148,0.713094,0.26995
46600000,2,-3.2941,-3065.15,3.82716,0.707516,0.2593
46650000,4,-5.3779,-3060.06,3.86847,0.701164,0.2323
46700000,2,-0.532723,-3063.26,1.28401,0.722024,0.26794
46750000,3,-0.396093,-3065.81,1.01352,0.739652,0.2577
46800000,2,-0.0842967,-3063.8,0.685174,0.740572,0.252
46850000,6,-5.47455,-3063.36,5.23273,0.718171,0.260075
46900000,2,0.0220767,-3062.71,0.591027,0.699078,0.248663
46950000,2,0.0248584,-3068.17,0.529871,0.718609,0.25085
47000000,3,-2.86272,-3055.06,4.0233,0.716505,0.2502
47050000,3,-0.423642,-3059.64,1.60857,0.711371,0.258073
47100000,2,0.386748,-3066.6,0.301766,0.689658,0.26294
47150000,2,-0.764453,-3065.29,1.20946,0.698052,0.2537
47200000,2,-1.22369,-3072.48,1.61268,0.741115,0.280473
47250000,2,0.424881,-3063.47,0.294349,0.723978,0.2597
47300000,2,0.0774629,-3062.47,0.538854,0.71822,0.267558
47350000,2,-0.339802,-3066.28,1.18845,0.739631,0.26055
47400000,3,-0.459649,-3063.56,1.36292,0.694421,0.2379
47450000,2,-1.02901,-3063.85,1.56187,0.689173,0.26205
47500000,2,-0.715481,-3070.62,1.02307,0.756526,0.262433
47550000,2,-0.297973,-3070.42,0.901638,0.676205,0.25234
47600000,2,-0.484486,-3064.73,1.20675,0.701299,0.24615
47650000,3,-1.8693,-3077.4,2.05701,0.712216,0.252033
47700000,2,-0.579237,-3068.97,1.20439,0.747219,0.257933
47750000,4,-1.18173,-3057.57,1.59137,0.697711,0.267067
47800000,2,-0.424338,-3067.71,0.906411,0.724495,0.2633
47850000,3,-2.5824,-3071.35,2.2025,0.71101,0.257733
47900000,4,-2.83734,-3064.83,3.39962,0.68458,0.2558
47950000,2,-1.90476,-3071.27,2.49359,0.734504,0.26485
48000000,2,0.0161292,-3068.8,0.467152,0.738579,0.26
48050000,2,-0.789532,-3064.75,1.36453,0.720927,0.24205
48100000,5,-1.33807,-3063.28,2.05447,0.719029,0.258667
48150000,3,-1.55675,-3066.36,2.17906,0.718824,0.2661
48200000,2,-4.18501,-3064.89,4.7541,0.704202,0.24925
48250000,2,-1.53712,-3063.14,2.19953,0.680188,0.2668
48300000,2,-2.422,-3062.49,3.05255,0.73165,0.25618
48350000,2,-0.287564,-3064.42,1.07585,0.719237,0.2538
48400000,2,-2.94166,-3061.76,3.5698,0.720134,0.2576
48450000,2,-1.03143,-3066.04,1.50379,0.694818,0.2452
48500000,3,-3.00652,-3060.51,3.96369,0.744281,0.2597
48550000,2,-1.66998,-3063.09,2.18223,0.726955,0.24615
48600000,2,-0.623078,-3066.57,1.31973,0.696691,0.2726
48650000,2,-1.88947,-3065.28,2.60899,0.736487,0.2609
48700000,2,-0.989063,-3068.4,1.49261,0.683429,0.2637
48750000,2,-0.864156,-3068.13,1.51357,0.715979,0.2681
48800000,2,0.0193723,-3067.87,0.443403,0.728132,0.256769
48850000,2,-0.903338,-3071.4,1.6462,0.710569,0.253914
48900000,3,0.0245481,-3065.19,1.0886,0.730516,0.25775
48950000,5,-1.30379,-3062.49,1.76682,0.712847,0.2387
49000000,2,-0.568009,-3065.05,1.25552,0.72085,0.2382
49050000,2,-2.60377,-3061.5,3.26467,0.725022,0.2386
49100000,2,-1.70855,-3069.09,2.16953,0.689966,0.25498
49150000,2,0.0871752,-3063.65,0.470726,0.719866,0.2627
49200000,2,-1.99086,-3065.33,2.5372,0.708244,0.2646
49250000,2,-0.12814,-3064.53,0.781136,0.719834,0.258843
49300000,2,-1.33524,-3066.48,2.08533,0.712912,0.251817
49350000,2,-2.01212,-3072.57,2.75958,0.762647,0.24895
49400000,2,-1.32227,-3064.94,1.9003,0.732074,0.261567
49450000,2,-1.57131,-3067.39,2.26725,0.695809,0.2654
49500000,2,-0.863595,-3065.91,1.50038,0.688897,0.27315
49550000,2,-2.89661,-3069.17,3.33225,0.693107,0.25205
49600000,2,-1.1807,-3069.34,1.79295,0.715057,0.2587
49650000,2,-0.24392,-3066.24,0.962529,0.719121,0.2432
49700000,2,-0.565665,-3071.82,1.33332,0.694612,0.2461
49750000,2,-0.712098,-3065.77,1.13822,0.726706,0.25345
49800000,2,0.119427,-3065.11,0.512421,0.703195,0.2639
49850000,2,-1.84885,-3069.65,2.46468,0.714926,0.2587
49900000,2,-0.651752,-3066.38,1.06245,0.692066,0.2499
49950000,2,-0.550014,-3076.6,1.17621,0.739884,0.2528
