generation,N_shifts,logPrior,logLik,eventRate,preservationRate,acceptRate
0,0,-1,-5501.23,1,0.43,1
10000,4,-5.0847,-3169.98,2.85335,0.720449,0.29817
20000,4,-5.33695,-3166.34,4.03757,0.699512,0.2957
30000,2,-4.19774,-3191.61,3.28392,0.692481,0.3056
40000,3,-3.56225,-3177.89,1.5591,0.712049,0.2893
50000,3,-1.90367,-3177.41,1.47627,0.68277,0.29394
60000,3,-1.46897,-3174.62,1.44943,0.718018,0.305
70000,4,-2.43479,-3175.69,1.2002,0.694382,0.298633
80000,4,-6.80572,-3174.63,3.88397,0.677859,0.2829
90000,2,-1.55379,-3179.52,2.01608,0.717333,0.311833
100000,3,-3.77887,-3176.92,1.74718,0.716175,0.29655
110000,3,-2.08708,-3173.98,0.478637,0.691227,0.28845
120000,5,-3.20834,-3167.44,2.14432,0.700195,0.28175
130000,4,-3.33755,-3173.92,2.5855,0.745217,0.2847
140000,4,-1.98354,-3177.77,3.18643,0.716697,0.2872
150000,4,-3.10818,-3173.1,0.812172,0.714404,0.2929
160000,4,-4.82956,-3172.63,4.76505,0.66996,0.271
170000,3,-3.63765,-3172.02,3.90293,0.684614,0.27085
180000,5,-5.53,-3162.76,2.8997,0.684901,0.2472
190000,5,-8.55304,-3162.92,3.97194,0.686687,0.267
200000,3,-1.25815,-3179.12,1.25281,0.743314,0.2668
210000,4,-4.22139,-3173.89,2.01096,0.694141,0.27916
220000,7,-4.67281,-3169.29,2.7833,0.70923,0.2579
230000,3,-4.33461,-3180.11,4.20182,0.703894,0.2681
240000,5,-3.52194,-3163.9,1.83619,0.752189,0.282167
250000,6,-4.1506,-3160.63,1.96056,0.717059,0.2708
260000,5,-4.8901,-3171.95,2.6955,0.733497,0.269433
270000,4,-1.73865,-3168.91,0.822926,0.72232,0.2634
280000,6,-5.49704,-3169.5,4.8933,0.716225,0.2761
290000,6,-8.52214,-3159.53,6.50882,0.718328,0.2731
300000,6,-7.47042,-3165.24,2.80966,0.669478,0.27
310000,6,-7.86304,-3163.07,3.69152,0.723315,0.281733
320000,3,-4.2407,-3172.99,2.96336,0.709402,0.32
330000,5,-3.36286,-3165.86,1.95732,0.718006,0.3022
340000,5,-0.080537,-3168.27,0.906379,0.698443,0.2879
350000,3,-2.47181,-3177.63,2.4093,0.689905,0.2884
360000,4,-3.19652,-3169.75,1.77594,0.691339,0.2954
370000,7,-7.89682,-3162.35,4.81824,0.714114,0.298857
380000,3,-2.59282,-3172.44,0.747694,0.713433,0.2858
390000,3,-2.911,-3179.21,0.656529,0.656398,0.2827
400000,3,-2.06954,-3174.23,1.26604,0.70968,0.2811
410000,5,-6.59259,-3174.92,3.10673,0.736709,0.2989
420000,3,-2.65035,-3179.86,2.01278,0.688893,0.3189
430000,3,-1.29933,-3171.31,2.18577,0.689318,0.292125
440000,3,-2.90086,-3180.7,2.00875,0.725737,0.2768
450000,3,-4.04202,-3181.04,3.16614,0.720587,0.298
460000,6,-11.0079,-3170.19,6.22413,0.731684,0.3077
470000,3,-2.51269,-3175.53,0.687538,0.717081,0.2867
480000,6,-7.43494,-3173.08,4.60978,0.707794,0.274
490000,7,-14.7979,-3165.14,7.36049,0.704343,0.28406
500000,5,-4.60415,-3161,2.42306,0.695817,0.26195
510000,5,-1.8489,-3163.28,1.74785,0.685118,0.2706
520000,5,-2.26557,-3166.76,2.40417,0.709576,0.2807
530000,3,-5.07838,-3177.53,2.67142,0.68831,0.286325
540000,2,-1.70286,-3181.09,1.8344,0.6952,0.2568
550000,5,-8.63988,-3173.68,5.30768,0.715313,0.2808
560000,6,-5.37679,-3172.6,2.20541,0.763791,0.281
570000,3,-0.426582,-3175.29,0.494342,0.745901,0.285
580000,5,-8.36779,-3175.41,2.45788,0.694107,0.311
590000,3,-3.07703,-3177.89,2.16433,0.691782,0.2882
600000,5,-1.88084,-3172.35,1.49119,0.714955,0.2875
610000,5,-8.51878,-3167.93,6.77215,0.700408,0.2893
620000,4,-7.44515,-3176.08,3.21861,0.688145,0.2852
630000,4,-7.40846,-3171.8,3.7977,0.688936,0.288444
640000,4,-4.22642,-3171.02,1.42459,0.675904,0.2785
650000,4,-1.58339,-3172,1.57571,0.696048,0.2904
660000,3,-3.98182,-3174.72,4.52961,0.71326,0.2837
670000,4,-6.38948,-3170.97,3.51177,0.717148,0.291233
680000,4,-2.5788,-3180.17,1.63669,0.671942,0.276
690000,4,-3.47845,-3173.09,2.72713,0.697436,0.286333
700000,3,-4.5715,-3173.92,2.15304,0.717867,0.2936
710000,4,-2.33011,-3177.99,1.55174,0.730995,0.2754
720000,7,-5.03333,-3160.76,3.46182,0.714722,0.2849
730000,6,-3.86744,-3173.59,1.65638,0.695509,0.2864
740000,3,-1.60138,-3174.62,2.39918,0.709133,0.2847
750000,4,-3.34919,-3171.26,3.28434,0.722161,0.287825
760000,2,0.154636,-3184.68,0.227049,0.700526,0.2844
770000,3,-4.68574,-3174.23,3.16858,0.725512,0.285433
780000,3,-5.47456,-3174.74,3.71613,0.703344,0.26995
790000,3,-1.29555,-3178.13,1.66678,0.703115,0.2898
800000,5,-3.63899,-3167.24,2.46236,0.753127,0.2869
810000,2,-1.93422,-3184.85,2.41969,0.729089,0.2913
820000,4,-2.76007,-3173.15,1.07289,0.705598,0.2699
830000,2,-0.425214,-3185.35,0.761068,0.770058,0.2839
840000,5,-4.62457,-3174.45,3.12181,0.720731,0.2898
850000,5,-5.57229,-3164.76,2.23804,0.714789,0.286
860000,5,-4.09205,-3176.58,1.76381,0.702589,0.2807
870000,4,-5.60758,-3167.06,3.74136,0.683345,0.2924
880000,5,-3.89755,-3162.86,1.32092,0.711425,0.2942
890000,4,-5.9765,-3173.36,3.99086,0.736844,0.3033
900000,5,-4.04088,-3165.34,1.75921,0.673915,0.289
910000,3,-2.37353,-3173.55,1.45369,0.688555,0.28475
920000,4,-5.08349,-3171.01,2.32054,0.711542,0.2859
930000,3,-4.27782,-3175.02,2.10199,0.7081,0.281067
940000,3,-4.43884,-3179.11,4.6958,0.690933,0.2961
950000,4,-2.83804,-3174.15,1.86656,0.683802,0.305
960000,3,-3.16346,-3180.04,2.13655,0.69309,0.2854
970000,3,-2.62463,-3178.8,1.48791,0.655801,0.2743
980000,3,-1.59548,-3177.7,0.703183,0.63999,0.2753
990000,4,-4.98663,-3167.92,3.2655,0.725244,0.2858
1000000,4,-4.06377,-3174.39,2.49334,0.689667,0.29288
1010000,2,-0.517695,-3182.38,0.974201,0.729051,0.3113
1020000,6,-6.5595,-3175.22,2.88832,0.717359,0.308267
1030000,3,-4.30785,-3178.01,2.8828,0.724569,0.3109
1040000,3,-3.3805,-3177.65,2.52181,0.708002,0.3082
1050000,3,-5.8174,-3176.3,2.98082,0.695329,0.30565
1060000,2,-1.30545,-3179.2,1.71217,0.714525,0.3058
1070000,7,-3.18204,-3161.7,1.56004,0.704237,0.29615
1080000,2,-1.87001,-3190.52,1.87659,0.702898,0.27725
1090000,5,-4.12921,-3176.34,1.67987,0.697634,0.2913
1100000,6,-9.70041,-3166.68,3.7046,0.686151,0.304
1110000,3,-1.96086,-3178.09,1.49058,0.730631,0.294975
1120000,3,-1.73579,-3181.13,1.2609,0.738486,0.2763
1130000,5,-1.60213,-3166.93,2.60008,0.755319,0.2469
1140000,3,-1.97682,-3178.79,0.540911,0.709593,0.2904
1150000,5,-4.11073,-3170.4,4.36282,0.652565,0.28336
1160000,4,-3.43719,-3172.06,1.3831,0.69676,0.3017
1170000,3,-2.68827,-3176.18,0.907215,0.723924,0.308
1180000,5,-6.11635,-3159.07,3.85881,0.706867,0.286933
1190000,4,-3.90607,-3170.99,2.67048,0.699188,0.303
1200000,4,-1.2657,-3175.77,0.828927,0.702791,0.312467
1210000,4,-2.69729,-3171.69,0.863285,0.706797,0.3038
1220000,2,-1.33528,-3184.79,1.44413,0.731812,0.3013
1230000,6,-7.03702,-3171.18,4.44114,0.690219,0.295275
1240000,5,-2.68144,-3169.74,2.7472,0.691144,0.2939
1250000,3,-4.95704,-3173.01,1.59045,0.720888,0.2884
1260000,2,-0.668428,-3184.4,1.0768,0.739191,0.3106
1270000,3,-3.9794,-3177.33,1.56753,0.743464,0.2917
1280000,4,-4.95374,-3168.35,3.1689,0.684165,0.289667
1290000,3,-3.27495,-3180.51,2.07006,0.678154,0.29455
1300000,11,-7.19898,-3150.77,5.23878,0.744112,0.28675
1310000,4,-1.58965,-3179.28,1.84083,0.691334,0.2832
1320000,6,-4.14317,-3167.41,3.40872,0.723052,0.2864
1330000,4,-2.06045,-3175.81,2.18235,0.678923,0.274467
1340000,8,-4.50586,-3164,3.32493,0.688589,0.2675
1350000,5,-4.54847,-3162.26,4.24786,0.681873,0.262
1360000,7,-7.02111,-3153.93,3.87608,0.721115,0.2745
1370000,5,-4.86079,-3169.3,2.74213,0.714126,0.2699
1380000,5,-2.07004,-3172.53,2.2561,0.700118,0.2712
1390000,4,-3.65396,-3176.98,2.68701,0.702339,0.280267
1400000,4,-6.3661,-3168.14,3.13303,0.695379,0.3092
1410000,6,-5.94037,-3158.38,3.22419,0.687143,0.274533
1420000,5,-4.75194,-3163.53,2.79705,0.716525,0.2608
1430000,3,-2.3097,-3177.86,2.1886,0.694262,0.2596
1440000,6,-6.35011,-3161.77,2.8078,0.715727,0.262
1450000,5,-4.65707,-3167.97,3.71263,0.73984,0.2731
1460000,6,-5.05257,-3169.11,5.35902,0.701177,0.2736
1470000,3,-1.33448,-3179.66,0.810245,0.709088,0.293486
1480000,4,-2.66047,-3174.97,1.50829,0.697397,0.3118
1490000,3,-2.44467,-3177.89,2.10651,0.725241,0.275033
1500000,3,-2.64987,-3175.06,1.81147,0.71463,0.30205
1510000,3,-5.2567,-3174.32,4.28536,0.759247,0.30715
1520000,2,-2.31559,-3179.73,2.65244,0.71234,0.30475
1530000,2,-0.324207,-3184.87,0.618834,0.710915,0.2971
1540000,4,-5.57071,-3173.01,1.38888,0.702412,0.3064
1550000,3,-2.90656,-3173.84,1.85791,0.699977,0.305725
1560000,4,-7.5316,-3177.1,4.39681,0.68203,0.27425
1570000,4,-5.43215,-3178.24,4.57489,0.714928,0.3107
1580000,3,-3.85301,-3172.84,1.99221,0.70686,0.28505
1590000,2,-3.10467,-3181.88,3.6582,0.709893,0.31225
1600000,6,-5.80085,-3170.79,3.33497,0.679295,0.317
1610000,3,-1.72871,-3179.47,1.69045,0.673783,0.28
1620000,5,-3.78716,-3165.72,2.14862,0.713594,0.2777
1630000,2,-0.23046,-3184.48,0.546308,0.691066,0.2782
1640000,3,-2.26645,-3175.45,1.85882,0.705708,0.288
1650000,5,-3.46199,-3164.93,2.48327,0.708413,0.2916
1660000,2,-2.33219,-3197.21,2.46728,0.660338,0.274233
1670000,5,-3.88563,-3169.17,2.23653,0.718567,0.2894
1680000,4,-5.94071,-3173.03,4.30378,0.693156,0.2997
1690000,8,-7.21324,-3154.2,3.38559,0.693806,0.276475
1700000,3,-0.936428,-3175.76,0.990125,0.697103,0.2617
1710000,5,-6.30106,-3175.12,4.45442,0.662443,0.2814
1720000,2,-1.00062,-3183.07,1.28599,0.675919,0.30335
1730000,3,-4.78086,-3177.87,3.1337,0.720896,0.296
1740000,3,-3.67163,-3177.78,2.69115,0.730715,0.3049
1750000,3,-2.63243,-3184.28,2.22894,0.688736,0.3146
1760000,3,-3.42837,-3179.89,2.04255,0.674877,0.31165
1770000,2,-0.813891,-3181.5,1.41385,0.696429,0.2995
1780000,5,-9.61389,-3175.45,4.33971,0.679086,0.304233
1790000,7,-9.9562,-3174.32,3.20216,0.706087,0.2889
1800000,3,-3.05102,-3177.03,2.09468,0.722373,0.3102
1810000,4,-3.81546,-3173.98,1.55296,0.68083,0.3059
1820000,2,-0.107986,-3181.39,0.592573,0.710944,0.30562
1830000,6,-4.84693,-3170.24,2.02587,0.686136,0.303
1840000,3,-4.16488,-3174.36,3.08512,0.701825,0.3105
1850000,6,-6.37832,-3166.68,3.58984,0.711623,0.3046
1860000,8,-7.33939,-3166.18,3.17657,0.703188,0.30758
1870000,3,-1.13706,-3180.58,1.38348,0.729705,0.2887
1880000,4,-3.21129,-3171.33,1.87284,0.695583,0.2788
1890000,6,-4.33032,-3181.22,4.18945,0.70866,0.2912
1900000,2,-0.863508,-3180.65,1.12423,0.68937,0.284325
1910000,3,-3.18428,-3179.04,1.90964,0.726544,0.28055
1920000,3,-3.43754,-3176.45,3.32747,0.687415,0.277
1930000,4,-3.43065,-3168.89,1.37177,0.724118,0.2885
1940000,3,-0.811819,-3178.31,1.27759,0.685481,0.2794
1950000,2,-2.5539,-3180.41,2.81636,0.701768,0.2884
1960000,9,-9.56871,-3166.48,2.86406,0.756774,0.2803
1970000,3,-3.84361,-3179.31,3.17493,0.734762,0.2677
1980000,2,-1.12298,-3181.09,1.57802,0.675906,0.257
1990000,2,-1.16084,-3182.73,1.53599,0.664534,0.3195
2000000,3,-3.0622,-3178.37,3.32255,0.706159,0.29933
2010000,3,-2.45526,-3185.54,1.32286,0.689175,0.3144
2020000,6,-8.70284,-3170.68,5.07873,0.671325,0.2803
2030000,2,-1.70933,-3179.36,2.26963,0.709398,0.282
2040000,3,-3.28005,-3186.05,2.99819,0.682717,0.29645
2050000,3,-1.35875,-3185.21,1.20464,0.751495,0.3007
2060000,2,-0.487863,-3184.16,0.97207,0.695647,0.3184
2070000,3,-0.430414,-3183.14,0.66265,0.686159,0.290525
2080000,3,-0.911762,-3177.82,1.35298,0.71307,0.3094
2090000,6,-6.00881,-3157.23,2.06331,0.727061,0.2812
2100000,6,-5.87769,-3156.94,4.67346,0.726608,0.2795
2110000,8,-8.91592,-3161.14,2.79171,0.722201,0.29734
2120000,2,-1.22756,-3178.96,1.60786,0.683792,0.27585
2130000,2,-0.708935,-3180.58,1.17722,0.718452,0.2737
2140000,3,-1.46145,-3179.45,0.693509,0.65085,0.2791
2150000,2,-0.868796,-3187.95,0.877158,0.721837,0.2626
2160000,3,-3.78341,-3177.38,3.72482,0.7298,0.2869
2170000,6,-4.21612,-3171.9,3.33183,0.699944,0.27885
2180000,3,-1.04328,-3180.7,1.77311,0.675113,0.296
2190000,3,-2.25068,-3177.42,1.71903,0.709946,0.274
2200000,4,-2.20867,-3172.43,2.65205,0.723501,0.291275
2210000,5,-1.1681,-3163.85,1.29215,0.732309,0.27735
2220000,5,-5.25794,-3170.98,2.25508,0.695897,0.30605
2230000,3,-1.24063,-3179.92,0.65037,0.742569,0.3034
2240000,5,-3.80494,-3163.99,2.36909,0.728683,0.277833
2250000,5,-3.44995,-3168.43,2.3028,0.693112,0.274
2260000,2,-0.463556,-3180.87,0.754727,0.716595,0.308933
2270000,2,-1.54922,-3181.47,1.97418,0.715897,0.3122
2280000,3,-1.35245,-3174.29,1.61849,0.666883,0.2623
2290000,3,-1.3042,-3182.28,0.920142,0.709021,0.2699
2300000,6,-4.66444,-3168.23,2.73392,0.692022,0.302667
2310000,3,-2.37694,-3180.18,0.833412,0.728127,0.2991
2320000,6,-2.29137,-3167.24,2.64314,0.702643,0.268833
2330000,5,-2.1018,-3174.13,1.20489,0.706034,0.26395
2340000,8,-6.97075,-3154.14,5.15448,0.709553,0.2628
2350000,7,-9.57103,-3163.5,3.49131,0.686729,0.283433
2360000,4,-2.81886,-3176.49,2.75545,0.713436,0.3107
2370000,2,-0.778279,-3181.31,1.43571,0.711314,0.3113
2380000,3,-3.03357,-3175.23,2.8726,0.672731,0.280225
2390000,2,-0.0922194,-3185.9,0.371486,0.728101,0.2712
2400000,4,-3.39115,-3169.53,4.02019,0.700781,0.2847
2410000,4,-6.34501,-3173.61,3.10064,0.711846,0.30015
2420000,4,-4.70978,-3174.3,2.21828,0.712326,0.2974
2430000,3,-0.116146,-3173.57,0.930743,0.667726,0.299767
2440000,4,-2.17361,-3176.45,1.43494,0.72469,0.29295
2450000,2,-2.51173,-3177.8,2.81636,0.707642,0.2767
2460000,4,-3.99538,-3171.11,2.00339,0.715603,0.2926
2470000,5,-7.41511,-3162.93,4.22952,0.702349,0.2775
2480000,3,-3.39773,-3173.3,2.01137,0.73656,0.29525
2490000,5,-4.10869,-3168.79,1.74235,0.698167,0.26535
2500000,8,-13.4043,-3156.76,5.86372,0.707975,0.2694
2510000,4,-2.28011,-3172.02,2.43271,0.701223,0.2788
2520000,5,-4.0868,-3170.74,4.10605,0.724008,0.266
2530000,5,-2.9862,-3170.32,3.28336,0.695689,0.2942
2540000,6,-5.21828,-3156,1.38077,0.698677,0.2883
2550000,3,-0.0681277,-3177.2,0.377046,0.696261,0.2673
2560000,6,-5.70377,-3159.71,3.11102,0.697147,0.306325
2570000,2,-0.113953,-3179.61,0.599111,0.70051,0.29095
2580000,4,-5.31243,-3172.8,2.26174,0.706663,0.3065
2590000,5,-3.23662,-3173.96,1.97381,0.708136,0.291167
2600000,3,-0.878631,-3178.28,1.33807,0.712922,0.30375
2610000,9,-11.2469,-3162.43,3.73501,0.684232,0.2933
2620000,5,-3.97537,-3166.44,1.64198,0.672226,0.2901
2630000,6,-7.771,-3167,4.52853,0.699459,0.2868
2640000,4,-1.9718,-3169.24,1.4814,0.693039,0.3052
2650000,4,-2.60863,-3172.73,1.7294,0.744402,0.2947
2660000,3,-3.06051,-3176.54,1.84756,0.741873,0.307467
2670000,4,-5.78316,-3179.19,3.05137,0.716194,0.2987
2680000,3,-5.95096,-3176.39,4.82107,0.70158,0.2845
2690000,4,-2.61008,-3173.82,2.17785,0.71941,0.287833
2700000,5,-4.14963,-3165.3,1.64466,0.71283,0.3066
2710000,2,-3.47629,-3185.5,1.90153,0.706806,0.309067
2720000,2,-0.459104,-3184.37,0.603759,0.696516,0.31275
2730000,5,-8.51733,-3174.48,5.08245,0.706575,0.3063
2740000,3,-2.93332,-3170.82,1.64668,0.716211,0.3056
2750000,6,-4.68644,-3172.7,1.62814,0.718423,0.3055
2760000,5,-3.90775,-3172.9,3.24176,0.716935,0.3091
2770000,3,-4.89067,-3173.58,3.21773,0.685105,0.31
2780000,2,-2.70649,-3184,3.03104,0.647113,0.304514
2790000,4,-7.25502,-3175.6,5.21577,0.680527,0.3182
2800000,3,-2.41918,-3173.65,1.65587,0.714268,0.3119
2810000,4,-2.87288,-3169.56,2.88884,0.703741,0.2997
2820000,2,-0.144345,-3186.06,0.634837,0.697505,0.3122
2830000,3,-4.28672,-3174.68,2.98319,0.743947,0.308733
2840000,3,-1.90869,-3179.68,0.60737,0.709714,0.3087
2850000,4,-5.01301,-3174.25,3.8802,0.693284,0.2821
2860000,3,-1.89453,-3175.73,0.575127,0.683165,0.30305
2870000,7,-4.62583,-3165.33,2.06444,0.712028,0.2786
2880000,5,-4.74388,-3165.94,3.66833,0.731039,0.2609
2890000,4,-3.43307,-3178.47,1.46481,0.718269,0.283667
2900000,3,-7.40905,-3178.47,5.09443,0.714869,0.2718
2910000,3,-1.49622,-3179.57,2.04719,0.737865,0.2635
2920000,8,-5.64902,-3164.61,3.21974,0.721466,0.285
2930000,2,-0.356599,-3180.89,0.618212,0.685414,0.2805
2940000,3,-2.96675,-3175.83,2.21824,0.692633,0.2831
2950000,4,-2.31956,-3170.24,1.38459,0.693966,0.3032
2960000,3,-2.2967,-3175.19,1.46634,0.694804,0.3006
2970000,2,-1.06369,-3180.92,1.19943,0.695083,0.2538
2980000,5,-3.77294,-3167.24,1.45777,0.693107,0.2558
2990000,4,-2.9365,-3169.99,3.04586,0.682863,0.268557
3000000,5,-5.60997,-3164.79,3.00198,0.722226,0.2674
3010000,6,-4.69941,-3167.35,3.08954,0.689247,0.2746
3020000,3,-0.603843,-3177.87,0.578862,0.674438,0.2625
3030000,7,-10.6441,-3154.01,7.2925,0.700273,0.2634
3040000,4,-4.52775,-3170.84,3.07885,0.6938,0.309183
3050000,3,-1.53235,-3174.03,2.01711,0.720142,0.2754
3060000,2,-2.97449,-3186.29,3.05923,0.703895,0.3098
3070000,2,-0.783679,-3177.89,1.09204,0.711985,0.27875
3080000,3,-1.37923,-3175.83,1.59371,0.724733,0.279
3090000,4,-2.69007,-3183.33,1.60874,0.719829,0.2762
3100000,3,-2.90946,-3173.69,2.19848,0.703667,0.28225
3110000,5,-6.59903,-3167.98,6.34133,0.708113,0.2917
3120000,4,-4.13999,-3168.63,2.85189,0.694524,0.288267
3130000,7,-7.72222,-3162.47,3.61333,0.662483,0.2951
3140000,8,-6.82521,-3163.51,3.40485,0.710128,0.2729
3150000,6,-5.02426,-3162.99,2.76707,0.711015,0.292975
3160000,4,-3.02971,-3172.94,2.68664,0.731828,0.26955
3170000,5,-5.06245,-3181.53,3.75184,0.711705,0.26445
3180000,6,-6.94818,-3162.03,4.37917,0.724797,0.2682
3190000,4,0.0796727,-3167.75,0.368619,0.691254,0.2783
3200000,6,-3.9156,-3166.04,2.32289,0.712882,0.293367
3210000,4,-1.66519,-3172.32,1.82075,0.726201,0.2808
3220000,3,-1.34408,-3178.45,1.68166,0.732826,0.2723
3230000,6,-6.39647,-3165.28,2.731,0.699779,0.2632
3240000,5,-3.41426,-3170.08,2.97918,0.744621,0.2691
3250000,5,-5.55457,-3169.33,5.21626,0.707216,0.2721
3260000,3,-1.33436,-3187.52,1.72681,0.695043,0.2664
3270000,4,-2.14245,-3177.1,1.56048,0.672414,0.2663
3280000,7,-5.25309,-3159.77,3.19165,0.673026,0.2982
3290000,6,-5.08893,-3160.83,1.82237,0.702228,0.28375
3300000,7,-6.85621,-3164.99,4.52044,0.708487,0.2838
3310000,2,-2.18041,-3185.8,2.33552,0.678515,0.282733
3320000,5,-6.57292,-3169.04,5.35249,0.701196,0.29065
3330000,2,-1.15396,-3187.71,1.0267,0.686764,0.2946
3340000,4,-6.62534,-3172.4,1.75101,0.73207,0.30265
3350000,5,-7.67285,-3182.09,3.97626,0.704155,0.3181
3360000,3,-2.46193,-3180.98,1.75957,0.668744,0.284467
3370000,3,-4.67562,-3183.41,4.07481,0.715088,0.2788
3380000,2,-0.414411,-3179.37,0.870533,0.688096,0.2872
3390000,2,0.034582,-3180.34,0.218219,0.719767,0.2837
3400000,2,-1.04933,-3182.64,1.32899,0.715406,0.2696
3410000,2,-1.11503,-3181.15,1.47167,0.743024,0.289733
3420000,4,-5.18274,-3167.68,2.14489,0.688086,0.2897
3430000,3,-4.15185,-3180.96,3.43821,0.672483,0.2934
3440000,3,-3.66394,-3175.9,1.98632,0.747269,0.2759
3450000,3,-5.82151,-3172.97,4.44069,0.723717,0.2922
3460000,5,-6.13417,-3169.68,3.73494,0.719659,0.2827
3470000,5,-4.32102,-3181.21,2.96361,0.709797,0.3073
3480000,5,-4.05239,-3170.23,1.71167,0.674591,0.3019
3490000,3,-6.03207,-3173.13,4.57935,0.699972,0.307
3500000,4,-4.90754,-3169.64,1.33387,0.719151,0.301967
3510000,3,-1.7409,-3184.28,1.95756,0.710287,0.3012
3520000,2,-0.881319,-3180.71,1.25182,0.728905,0.3053
3530000,3,-2.51566,-3173.98,0.666329,0.689152,0.310825
3540000,6,-5.22629,-3174.43,3.73065,0.709235,0.3039
3550000,2,-0.901602,-3184.71,1.17367,0.728092,0.2841
3560000,4,-4.8034,-3171.63,2.16577,0.741486,0.2814
3570000,4,-3.64206,-3173.83,2.34046,0.69597,0.29695
3580000,3,-3.64004,-3177.8,2.67344,0.695429,0.2839
3590000,4,-4.44235,-3171.16,3.24517,0.712614,0.2808
3600000,3,-3.2507,-3177.67,2.5689,0.724796,0.285525
3610000,3,-1.29563,-3171.88,2.0067,0.724352,0.28565
3620000,3,-3.18303,-3176.95,2.18163,0.720429,0.2817
3630000,4,-4.52042,-3174,3.40778,0.727544,0.2807
3640000,4,-2.62378,-3166.55,1.75437,0.735016,0.2917
3650000,4,-3.52877,-3169.14,1.5574,0.70108,0.2795
3660000,3,-3.12225,-3174.42,1.60669,0.727215,0.2741
3670000,4,-3.92356,-3169.73,2.45509,0.697504,0.29706
3680000,6,-6.11365,-3160.08,4.20693,0.718558,0.2989
3690000,2,-1.01452,-3180.08,1.46039,0.706251,0.2792
3700000,3,-3.73368,-3180.16,2.5988,0.700775,0.2908
3710000,4,-7.20879,-3174.75,4.91038,0.696536,0.3136
3720000,4,-6.00424,-3171.08,2.90495,0.709895,0.2892
3730000,3,-2.80404,-3174.47,0.956791,0.66406,0.3036
3740000,3,-3.08771,-3175.4,2.26657,0.720942,0.3043
3750000,2,-0.96393,-3186.61,1.08497,0.709065,0.3
3760000,3,-4.22571,-3179.34,3.18674,0.697421,0.3109
3770000,5,-6.26945,-3168.47,3.04228,0.694276,0.28574
3780000,2,-0.7973,-3178.93,1.10806,0.69981,0.2821
3790000,3,-5.32253,-3174.98,4.51742,0.735817,0.2875
3800000,5,-4.39866,-3164.24,3.04451,0.690716,0.2829
3810000,3,-2.50384,-3173.24,2.47277,0.732355,0.28674
3820000,3,-2.5096,-3178.89,2.60071,0.682873,0.28495
3830000,2,-1.23336,-3181.54,1.65306,0.672166,0.2994
3840000,4,-7.56247,-3175.68,2.95644,0.664118,0.300833
3850000,6,-5.92826,-3163.6,2.59726,0.671236,0.3004
3860000,6,-3.81792,-3165.52,1.52901,0.698733,0.307967
3870000,4,-6.29915,-3176.42,2.39068,0.667685,0.29175
3880000,2,-1.94171,-3179.09,2.30372,0.719352,0.2953
3890000,3,-2.31971,-3175.36,1.56425,0.709915,0.2765
3900000,6,-5.76821,-3162.31,3.8002,0.663663,0.276725
3910000,6,-9.53082,-3170.49,7.87278,0.691557,0.2645
3920000,4,-2.30053,-3167.98,2.72264,0.684171,0.276233
3930000,4,-2.3381,-3166.82,1.17223,0.7038,0.28
3940000,3,-1.7143,-3176.34,1.91319,0.668374,0.26465
3950000,5,-5.08101,-3164.19,3.85704,0.70393,0.2527
3960000,5,-3.55436,-3164.26,2.95075,0.700104,0.2652
3970000,6,-7.46567,-3169.12,3.05771,0.696665,0.27095
3980000,4,-4.33077,-3171.55,3.85873,0.688845,0.2694
3990000,4,-3.39357,-3171.71,3.15306,0.733993,0.2702
4000000,7,-7.35141,-3157.74,3.0558,0.692266,0.3036
4010000,4,-2.3431,-3166.68,2.01125,0.70893,0.2731
4020000,6,-5.39286,-3164.74,3.43181,0.709845,0.2829
4030000,8,-3.08334,-3157.08,1.50974,0.731434,0.2688
4040000,6,-4.69313,-3159,2.84865,0.709295,0.2897
4050000,7,-6.15185,-3158.94,3.72995,0.682926,0.2672
4060000,5,-7.14693,-3162.33,3.49149,0.690297,0.2707
4070000,8,-9.66616,-3162.77,6.58776,0.731311,0.2759
4080000,3,-2.62331,-3176.47,3.47405,0.67604,0.30995
4090000,3,-4.60442,-3178.47,1.94731,0.73448,0.3114
4100000,4,-5.68791,-3178.58,2.04116,0.739142,0.3021
4110000,6,-6.01673,-3167.17,4.75541,0.720702,0.265225
4120000,4,-3.53367,-3173.66,1.70697,0.707442,0.2637
4130000,4,-2.06422,-3168.48,2.06363,0.681062,0.2608
4140000,4,-3.66095,-3182.2,2.37669,0.689116,0.291675
4150000,2,-0.399821,-3180.31,0.836548,0.736066,0.2823
4160000,4,-2.97802,-3180.3,1.88467,0.690853,0.3104
4170000,3,-4.6354,-3183.41,2.06881,0.691189,0.302167
4180000,2,-2.06501,-3179.08,2.50027,0.731196,0.3229
4190000,5,-8.16903,-3168.25,2.33589,0.664735,0.3071
4200000,4,-4.70028,-3166.73,1.7652,0.687586,0.3089
4210000,4,-2.78835,-3174.45,0.924162,0.703927,0.2841
4220000,5,-4.12032,-3167.2,1.78519,0.710633,0.3015
4230000,3,-0.410905,-3178.39,0.52285,0.680802,0.3111
4240000,3,-3.46163,-3177.61,2.67367,0.721611,0.3101
4250000,3,-4.67695,-3178.56,3.66046,0.703807,0.30605
4260000,6,-5.43853,-3165.94,3.53137,0.666474,0.2981
4270000,3,-5.51893,-3174.7,3.64967,0.716359,0.3044
4280000,3,-2.74522,-3175.54,1.37361,0.690734,0.3107
4290000,2,-0.930108,-3179.58,1.38664,0.711453,0.308
4300000,3,-3.5796,-3174.67,1.22354,0.677754,0.30024
4310000,4,-4.38178,-3175.97,2.65931,0.662938,0.3081
4320000,2,-1.46398,-3181.45,1.78129,0.696938,0.2881
4330000,3,-5.43313,-3177.65,3.51219,0.70538,0.2909
4340000,3,-2.43021,-3174.57,1.3853,0.703377,0.31108
4350000,3,-3.53498,-3174.17,1.97125,0.716562,0.2834
4360000,8,-5.15095,-3161.06,2.77896,0.759225,0.291
4370000,5,-5.14201,-3166.41,3.26586,0.739606,0.298525
4380000,2,-1.17479,-3178.29,1.6279,0.719542,0.2902
4390000,6,-5.41782,-3165.43,1.91425,0.714105,0.2801
4400000,2,-2.55545,-3182.2,2.8773,0.701581,0.3086
4410000,3,-3.06676,-3175.73,2.47563,0.758776,0.3011
4420000,4,-4.35976,-3169.91,1.90797,0.695492,0.30185
4430000,2,-0.651127,-3182.53,0.809885,0.722322,0.3044
4440000,3,-2.22091,-3176.25,1.07922,0.688171,0.30315
4450000,3,-2.29835,-3177.3,1.94286,0.699978,0.3101
4460000,3,-2.02428,-3178.16,1.08194,0.726603,0.3085
4470000,6,-4.99679,-3168.76,1.44847,0.677033,0.2908
4480000,5,-2.5946,-3177.29,0.916022,0.710353,0.298
4490000,2,-0.23865,-3183.64,0.516668,0.710422,0.2741
4500000,5,-5.487,-3176.47,2.07384,0.709931,0.2521
4510000,4,-3.82271,-3171.77,1.18393,0.709846,0.281167
4520000,3,-5.69513,-3173.46,2.56935,0.699747,0.3177
4530000,1,-0.838793,-3192.72,0.989919,0.735697,0.2605
4540000,2,-1.25994,-3177.81,1.67358,0.695794,0.2655
4550000,4,-4.48206,-3177.26,0.830526,0.761771,0.2843
4560000,3,-1.66068,-3173.93,0.392069,0.692424,0.2941
4570000,5,-4.97272,-3181.25,3.22157,0.716383,0.2623
4580000,5,-9.77018,-3171.84,5.1406,0.702788,0.2687
4590000,2,-0.567773,-3181.01,1.00599,0.723278,0.295967
4600000,5,-2.17963,-3167.94,2.40285,0.680962,0.2825
4610000,9,-10.3779,-3156.49,6.14634,0.690043,0.287767
4620000,3,-5.54358,-3179.6,4.34322,0.685355,0.2935
4630000,6,-5.40838,-3171.51,2.87271,0.658983,0.29115
4640000,5,-6.32999,-3172.38,4.13681,0.673658,0.31135
4650000,2,-1.38905,-3184.16,1.98931,0.715919,0.28905
4660000,3,-2.15576,-3177.84,1.74725,0.74139,0.2936
4670000,3,-1.88422,-3171.92,0.869342,0.713,0.301767
4680000,3,-3.62187,-3173.07,0.988841,0.701465,0.30955
4690000,3,0.172501,-3177.51,0.691957,0.692121,0.2788
4700000,4,-3.98578,-3171.99,2.96434,0.711792,0.2821
4710000,4,-1.40708,-3173.68,2.41251,0.689964,0.28
4720000,6,0.0508706,-3165.81,1.08938,0.708808,0.2808
4730000,3,-1.83431,-3176.77,1.85703,0.707148,0.2759
4740000,2,-1.07879,-3180.47,1.28729,0.711553,0.2808
4750000,2,-1.76739,-3184.15,2.27071,0.68388,0.29105
4760000,3,-2.30611,-3176.94,0.877453,0.6815,0.3051
4770000,2,-1.24617,-3183.59,1.4834,0.744171,0.3172
4780000,3,-3.08841,-3178.93,3.07259,0.716777,0.3171
4790000,2,-0.758647,-3181.77,1.06429,0.689881,0.3092
4800000,4,-5.54975,-3170.7,5.28126,0.706179,0.28885
4810000,2,-0.650479,-3185.22,0.981971,0.668565,0.3055
4820000,4,-5.89145,-3174.55,2.33562,0.734675,0.3161
4830000,3,-2.70914,-3176.78,1.9771,0.743504,0.28655
4840000,6,-5.38283,-3183.29,2.03535,0.674252,0.32045
4850000,2,-1.65099,-3180.81,2.17552,0.66902,0.3036
4860000,3,-5.28609,-3175.93,3.88741,0.71484,0.3078
4870000,4,-3.6094,-3172.92,1.93989,0.732342,0.291175
4880000,4,-5.58743,-3170.56,2.43096,0.701076,0.3176
4890000,3,-1.95393,-3177.84,1.6831,0.700093,0.3091
4900000,8,-10.2803,-3164.42,4.0149,0.721723,0.2873
4910000,5,-6.32685,-3169.95,2.87817,0.722934,0.3044
4920000,2,-0.826164,-3183.07,0.913642,0.708518,0.2955
4930000,4,-4.42977,-3171.34,4.92237,0.697529,0.262833
4940000,5,-4.97197,-3167.37,4.609,0.712069,0.2675
4950000,5,-4.93295,-3164.76,5.14667,0.720443,0.273
4960000,11,-7.37874,-3152.79,5.31424,0.740803,0.2785
4970000,4,-2.17939,-3173.3,2.00221,0.681766,0.2907
4980000,2,-2.21588,-3181.5,2.70609,0.710101,0.300467
4990000,5,-3.54104,-3174,1.57727,0.723617,0.3142
5000000,5,-5.85164,-3168.98,2.46877,0.714601,0.3107
5010000,3,-3.08553,-3177.01,1.86193,0.705261,0.307375
5020000,3,-5.05041,-3176.42,4.7957,0.726503,0.3205
5030000,4,-3.23634,-3169.91,1.6107,0.718987,0.3145
5040000,7,-5.66482,-3154.28,4.13814,0.714807,0.3025
5050000,5,-1.28824,-3160.02,1.21272,0.71403,0.303
5060000,3,-4.47042,-3182.2,2.00264,0.69891,0.3085
5070000,4,-6.42422,-3168.5,2.51522,0.695047,0.3055
5080000,5,-5.34841,-3165.27,2.20964,0.690739,0.3094
5090000,4,-4.64496,-3174.81,4.03688,0.747984,0.2835
5100000,5,-5.4526,-3166.55,4.43789,0.69608,0.2627
5110000,2,-0.80418,-3187.49,1.12184,0.705826,0.310367
5120000,5,-4.78305,-3175.23,4.14594,0.738047,0.26675
5130000,6,-2.8835,-3164,1.87957,0.725952,0.2751
5140000,5,-3.37715,-3174.47,2.32068,0.707686,0.3031
5150000,3,-2.90765,-3178.52,1.58523,0.721452,0.2659
5160000,4,-3.44062,-3170.22,3.46659,0.722209,0.259833
5170000,6,-8.63203,-3175.13,5.76171,0.71984,0.2543
5180000,3,-2.22347,-3174.29,2.70185,0.71266,0.2578
5190000,3,-2.93775,-3180.22,2.3455,0.733491,0.2731
5200000,5,-4.61565,-3167.71,1.61303,0.712618,0.28452
5210000,4,-1.893,-3171.78,1.94955,0.720929,0.2853
5220000,5,-3.81579,-3162.51,3.39763,0.707485,0.2858
5230000,4,-2.18761,-3166.66,0.922877,0.725527,0.2589
5240000,4,-1.46024,-3171.48,0.670026,0.670145,0.2748
5250000,4,-3.52478,-3173.74,1.18418,0.721087,0.2657
5260000,3,-3.21851,-3175.69,2.79109,0.715393,0.2919
5270000,4,-0.838298,-3181.95,0.622941,0.710926,0.2846
5280000,4,-3.01562,-3175.48,1.2407,0.692696,0.2917
5290000,3,-2.13965,-3176.97,1.37925,0.703204,0.296413
5300000,5,-5.81561,-3179.78,3.87913,0.687847,0.289
5310000,3,-2.48989,-3175.25,1.03329,0.668353,0.296733
5320000,4,-5.09997,-3183.33,2.15723,0.693445,0.2944
5330000,5,-3.81132,-3172.63,2.87286,0.677827,0.310067
5340000,3,-3.13443,-3176.72,0.863375,0.688253,0.3
5350000,2,-1.68154,-3178.98,1.96275,0.708593,0.294733
5360000,4,-4.73756,-3171.06,2.19478,0.703318,0.2905
5370000,3,-4.77142,-3171.87,3.36058,0.694893,0.2873
5380000,3,-4.71805,-3175.57,1.02818,0.719274,0.2833
5390000,4,-4.40147,-3166.35,2.13014,0.699832,0.30194
5400000,5,-5.84541,-3173.69,2.05474,0.733302,0.28685
5410000,5,-0.7603,-3166.79,1.46543,0.706282,0.2809
5420000,4,-4.71154,-3175.75,2.48478,0.694545,0.2832
5430000,5,-5.62294,-3171.67,2.84054,0.743326,0.282825
5440000,4,-1.5258,-3175.16,1.58399,0.715003,0.3044
5450000,5,-4.43243,-3169.97,3.12282,0.71572,0.285
5460000,3,-4.0179,-3174.11,1.25634,0.685388,0.3167
5470000,6,-2.66031,-3174.24,1.82401,0.709543,0.304
5480000,4,-10.9045,-3171.87,7.62074,0.702826,0.312967
5490000,4,-4.42799,-3166.85,2.78406,0.683254,0.2784
5500000,5,-7.12376,-3185.93,4.16029,0.675424,0.3029
5510000,3,-5.62008,-3182.6,1.17645,0.71146,0.29915
5520000,3,-6.24638,-3177.58,5.28128,0.699872,0.2894
5530000,2,-0.674454,-3183.98,1.04319,0.716282,0.3088
5540000,2,-0.850003,-3183.4,1.25237,0.690839,0.27915
5550000,4,-4.21089,-3175.7,4.3678,0.677811,0.2924
5560000,4,-1.99233,-3171.34,2.10895,0.684715,0.2821
5570000,5,-4.16163,-3164.05,1.36115,0.697456,0.2842
5580000,6,-3.10195,-3164.45,1.37923,0.689451,0.2653
5590000,4,-2.78906,-3175.13,1.26357,0.746115,0.275925
5600000,5,-5.29812,-3165.66,3.04688,0.69859,0.26955
5610000,4,-5.63128,-3175.89,2.27398,0.697511,0.2917
5620000,2,-0.906727,-3184.23,0.990198,0.723741,0.2937
5630000,6,-3.87822,-3170.35,3.41633,0.706936,0.2918
5640000,5,-2.96928,-3161.75,2.18144,0.70829,0.2731
5650000,5,-5.10918,-3169.61,2.53019,0.684276,0.28832
5660000,4,-2.8839,-3175.02,2.13413,0.696028,0.278
5670000,6,-7.8638,-3160.86,3.85283,0.718564,0.271567
5680000,3,-3.77245,-3178.27,2.21293,0.738739,0.29525
5690000,3,-2.60593,-3179.85,2.97555,0.703993,0.2706
5700000,3,-2.74355,-3175.89,1.92857,0.732476,0.2776
5710000,4,-4.40369,-3169.28,1.52338,0.699937,0.2995
5720000,4,-6.48783,-3175.24,3.91735,0.673962,0.3145
5730000,2,-0.0565513,-3180.01,0.501216,0.717315,0.3125
5740000,3,-1.25624,-3180.35,0.89935,0.697079,0.3108
5750000,4,-2.92648,-3175.7,4.12408,0.728129,0.3129
5760000,2,-4.00444,-3185.7,1.53698,0.69369,0.289333
5770000,2,-1.97771,-3181.21,2.15054,0.708737,0.29675
5780000,2,-1.38796,-3181.23,1.97277,0.700603,0.2871
5790000,4,-3.87873,-3178.65,1.73285,0.716237,0.2913
5800000,3,-0.625933,-3174.88,0.999927,0.678443,0.282933
5810000,4,-4.17267,-3168.49,2.52952,0.725902,0.2769
5820000,6,-7.31394,-3169.91,3.29317,0.746632,0.2954
5830000,6,-6.11908,-3159.25,4.48627,0.745804,0.2693
5840000,6,-4.41689,-3161.43,2.14704,0.702501,0.2789
5850000,4,-3.63412,-3168.04,1.13669,0.691796,0.2774
5860000,5,-4.32447,-3173.46,3.24535,0.701526,0.28405
5870000,8,-6.81973,-3159.57,2.72195,0.70473,0.2779
5880000,7,-5.47476,-3160.11,2.4663,0.715288,0.2753
5890000,6,-6.51818,-3155.56,4.22828,0.725115,0.2874
5900000,5,-7.21621,-3162.23,4.24266,0.714958,0.2787
5910000,3,-3.25047,-3174.56,0.517142,0.720804,0.2807
5920000,3,-3.2953,-3173.54,2.33886,0.711473,0.311883
5930000,2,-0.733638,-3179.31,1.14261,0.715961,0.321
5940000,4,-2.60921,-3175.91,1.98854,0.724911,0.3112
5950000,2,-1.64537,-3183.54,2.01179,0.736409,0.3127
5960000,3,-4.52647,-3174.33,1.73011,0.696978,0.3058
5970000,2,-1.86668,-3184.62,2.2726,0.660237,0.30125
5980000,3,-1.89491,-3177.87,0.351075,0.707317,0.3113
5990000,2,-1.9434,-3181.39,2.21731,0.701798,0.318667
6000000,3,-2.90893,-3180.38,0.896215,0.753684,0.3159
6010000,6,-7.56656,-3169.54,3.17513,0.654927,0.286467
6020000,3,-2.8334,-3175.1,2.66471,0.711155,0.299
6030000,5,-7.01749,-3173.98,4.97213,0.678443,0.2757
6040000,4,-2.33365,-3169.83,1.76864,0.716326,0.299175
6050000,3,-4.52842,-3175.56,4.66723,0.678183,0.26685
6060000,5,-5.88779,-3165.94,5.23776,0.702546,0.28795
6070000,3,-3.73598,-3174.34,3.96429,0.66998,0.26375
6080000,5,-2.57291,-3173.6,1.30951,0.693039,0.2745
6090000,5,-1.95625,-3166.93,1.60791,0.73822,0.2764
6100000,6,-4.52455,-3159.79,3.45539,0.728412,0.2686
6110000,4,-1.66108,-3175.91,1.59528,0.717013,0.2632
6120000,4,-2.26412,-3170.65,1.90515,0.725132,0.2755
6130000,5,-5.26617,-3165.13,4.90099,0.711134,0.2728
6140000,6,-8.87545,-3171.54,3.76923,0.669268,0.287038
6150000,5,-8.38708,-3165.06,4.23598,0.688236,0.2688
6160000,2,-1.61651,-3178.53,2.08163,0.685755,0.30595
6170000,3,-5.80213,-3171.96,3.58922,0.727948,0.2865
6180000,3,-2.73571,-3186.54,1.91255,0.669358,0.2849
6190000,3,-0.183932,-3180.07,0.627791,0.721302,0.30875
6200000,4,-3.99971,-3176.07,2.71757,0.681078,0.286
6210000,3,-1.61035,-3181.14,1.51287,0.726059,0.3089
6220000,4,-3.85755,-3165.64,1.44481,0.700258,0.2827
6230000,4,-9.27365,-3167.16,4.9061,0.688292,0.2913
6240000,4,-3.74563,-3176.31,2.74426,0.684885,0.307133
6250000,3,-2.70352,-3182.91,2.6835,0.680332,0.29935
6260000,3,-4.89672,-3172.08,3.25098,0.689205,0.3175
6270000,3,-2.93803,-3177.97,1.21931,0.721403,0.3062
6280000,3,-6.94667,-3173.98,3.51663,0.70219,0.307425
6290000,2,-2.08688,-3181.94,2.57272,0.705229,0.3106
6300000,3,-4.63135,-3176.89,2.34383,0.646636,0.3074
6310000,4,-4.07311,-3174.87,2.2979,0.691798,0.306
6320000,6,-5.16332,-3164.81,2.72427,0.699727,0.3002
6330000,6,-2.85977,-3177.35,3.33091,0.714472,0.2858
6340000,4,-2.78562,-3173.34,1.1265,0.702635,0.3142
6350000,2,-0.62168,-3182.32,1.01333,0.737851,0.3098
6360000,4,-2.0946,-3169.39,0.699995,0.704644,0.2884
6370000,5,-5.29489,-3172.53,4.3272,0.718685,0.29088
6380000,4,-6.02779,-3171.55,1.91179,0.736096,0.2802
6390000,5,-4.05074,-3172.09,1.71883,0.713302,0.2981
6400000,3,-3.98621,-3172.5,2.94556,0.714688,0.2817
6410000,3,-2.02776,-3178.68,1.33684,0.753827,0.28745
6420000,3,-2.56343,-3174.02,1.81506,0.705046,0.3049
6430000,7,-8.04172,-3159.64,3.50635,0.73001,0.2874
6440000,6,-8.7629,-3160.55,6.87644,0.662439,0.2874
6450000,4,-5.98328,-3170.42,3.3899,0.698794,0.2943
6460000,4,-5.42605,-3169.17,1.85102,0.718933,0.2795
6470000,6,-6.52042,-3162.87,2.75656,0.701716,0.2947
6480000,4,-4.85906,-3175.7,3.06734,0.680257,0.2797
6490000,2,-0.699363,-3179.21,0.980532,0.692623,0.2833
6500000,3,-4.73496,-3180.24,1.64232,0.739988,0.2741
6510000,3,-1.11496,-3177.08,1.92579,0.696982,0.285314
6520000,3,-4.41489,-3172.7,0.636159,0.703534,0.3025
6530000,3,-1.55636,-3174.02,1.19503,0.721293,0.2937
6540000,3,-1.37683,-3173.6,1.48054,0.702574,0.286867
6550000,4,-2.40949,-3174.37,1.07922,0.68505,0.31815
6560000,5,-5.79342,-3171.35,3.17596,0.670746,0.287
6570000,3,-5.07651,-3173.99,2.01835,0.703234,0.30145
6580000,3,-3.88286,-3183.73,3.36453,0.687115,0.2979
6590000,5,-4.28657,-3170.77,2.36585,0.706353,0.2888
6600000,6,-5.71879,-3167.05,1.83086,0.729844,0.2943
6610000,6,-3.8833,-3163.08,1.90298,0.697309,0.2618
6620000,4,-4.15948,-3174.69,3.30256,0.693025,0.2761
6630000,5,-3.81532,-3161.07,4.11255,0.713616,0.2564
6640000,6,-4.28933,-3159.36,2.03282,0.724919,0.2693
6650000,5,-2.13985,-3163.38,2.14639,0.728218,0.2859
6660000,4,-2.39766,-3172.12,1.28247,0.701682,0.2565
6670000,6,-9.24647,-3158.36,9.74265,0.67802,0.2834
6680000,6,-5.75408,-3173.39,3.33846,0.754059,0.3001
6690000,7,-8.6006,-3168.52,2.29718,0.707487,0.2686
6700000,6,-7.27289,-3166.04,2.74398,0.697661,0.294567
6710000,7,-13.2063,-3153.63,8.95624,0.714965,0.27925
6720000,5,-4.16926,-3171.44,3.90796,0.722259,0.2815
6730000,4,-2.84443,-3171.86,1.87001,0.735571,0.2782
6740000,6,-2.68898,-3161.36,2.40598,0.715417,0.2622
6750000,5,-3.74867,-3163.49,1.76791,0.70578,0.274575
6760000,4,-3.75357,-3168.26,2.08885,0.691128,0.2666
6770000,5,-2.01548,-3172.1,1.89637,0.751905,0.2699
6780000,5,-3.86508,-3166.31,1.70317,0.695735,0.2776
6790000,5,-3.31509,-3170.12,2.75031,0.698694,0.275
6800000,3,-0.878152,-3175.91,1.56365,0.692171,0.2643
6810000,3,-2.49287,-3175.68,0.90665,0.670151,0.2938
6820000,4,-1.00821,-3168.39,1.71984,0.742318,0.28525
6830000,4,-2.46996,-3172.48,1.77838,0.698207,0.2831
6840000,3,-1.53255,-3175.47,2.24692,0.710931,0.2839
6850000,6,-5.03285,-3166.25,3.12287,0.699533,0.2972
6860000,6,-8.28559,-3159.04,8.18597,0.71114,0.28554
6870000,7,-5.10402,-3167.94,4.40737,0.703486,0.3006
6880000,4,-5.40689,-3171.38,3.1986,0.705984,0.2924
6890000,5,-3.35652,-3171.31,3.48238,0.705206,0.2811
6900000,4,-2.77824,-3170.05,1.19875,0.701441,0.2824
6910000,2,-1.9298,-3180.86,2.38764,0.702119,0.3078
6920000,3,-2.09625,-3180.28,1.59868,0.689536,0.3138
6930000,4,-2.74766,-3175.77,0.621774,0.699208,0.3118
6940000,3,-1.95088,-3177.26,0.737777,0.735553,0.3103
6950000,4,-2.46622,-3174.41,0.945382,0.694361,0.276633
6960000,2,-6.02458,-3185.96,4.40912,0.699127,0.2914
6970000,2,-2.04961,-3182.18,2.59919,0.679755,0.3046
6980000,3,-3.14895,-3177.45,2.11245,0.685592,0.3103
6990000,3,-2.28364,-3179.98,1.71462,0.690988,0.3078
7000000,4,-6.26465,-3175.99,3.09778,0.678399,0.3059
7010000,3,-0.421478,-3182.96,0.78594,0.697672,0.2747
7020000,3,-3.84121,-3172.84,2.74895,0.689726,0.282771
7030000,3,-2.36205,-3173.47,0.903931,0.718336,0.3036
7040000,3,-2.61706,-3175.6,0.895285,0.737106,0.3111
7050000,5,-3.14465,-3167.87,2.3325,0.698671,0.287325
7060000,3,-1.8927,-3177.83,0.573493,0.68617,0.31125
7070000,3,-0.409876,-3177.21,0.818485,0.696847,0.29315
7080000,5,-5.9862,-3169.96,3.58941,0.70375,0.2802
7090000,3,-3.73688,-3186.68,0.788324,0.74282,0.2579
7100000,3,-1.93207,-3174.66,0.528974,0.724338,0.288825
7110000,4,-3.44996,-3175.01,2.05064,0.688625,0.2588
7120000,2,-0.825904,-3185.12,0.999143,0.720432,0.28325
7130000,5,-5.20844,-3168.67,2.39678,0.675477,0.2568
7140000,3,-3.19565,-3173.08,1.44761,0.719643,0.29115
7150000,5,-4.97977,-3170.96,1.62545,0.656045,0.2708
7160000,5,-3.85716,-3161,2.29674,0.686231,0.27725
7170000,7,-4.80484,-3163.3,1.62721,0.689014,0.27605
7180000,7,-8.18902,-3161.84,3.94234,0.694212,0.2784
7190000,8,-7.12208,-3153.83,2.39594,0.693109,0.2796
7200000,4,-3.43244,-3169.37,1.58358,0.69689,0.274
7210000,5,-5.28414,-3167.13,2.81052,0.688857,0.266
7220000,5,-3.36599,-3169.96,1.46141,0.702065,0.2615
7230000,5,-5.91278,-3169.86,3.17355,0.740024,0.2479
7240000,2,-2.39571,-3184.45,2.51342,0.699019,0.262
7250000,4,-4.79506,-3177.41,2.67891,0.718096,0.288556
7260000,5,-2.60235,-3173.18,1.54618,0.681853,0.2855
7270000,6,-7.87477,-3166.55,3.53006,0.723095,0.2558
7280000,3,-1.39973,-3178.16,2.01263,0.6928,0.3071
7290000,7,-4.8745,-3158.21,3.00232,0.696636,0.29145
7300000,7,-9.87425,-3161.26,5.08559,0.698301,0.2702
7310000,4,-1.9318,-3170.34,1.68485,0.721378,0.286
7320000,3,-4.53107,-3176.83,2.50948,0.693658,0.3056
7330000,3,-6.09138,-3174.74,2.89734,0.669883,0.29
7340000,3,-3.3483,-3174.67,1.24785,0.697008,0.2757
7350000,2,-0.988355,-3180.21,1.38552,0.742493,0.3101
7360000,5,-5.46699,-3169.39,2.11415,0.714978,0.3077
7370000,4,-3.40204,-3173.7,1.37452,0.724771,0.298
7380000,6,-4.65586,-3159.69,3.3604,0.713591,0.2879
7390000,3,-2.29527,-3174.91,1.45989,0.694104,0.29505
7400000,4,-3.36612,-3180.61,3.49195,0.695158,0.2861
7410000,3,-5.38846,-3178.78,4.47185,0.703332,0.2946
7420000,3,-1.44899,-3175.65,0.589352,0.710537,0.286
7430000,5,-7.03056,-3168.35,3.53174,0.729468,0.2893
7440000,3,-0.862534,-3178.32,0.985302,0.69498,0.298
7450000,9,-13.7065,-3159.13,7.68661,0.700917,0.2682
7460000,4,-3.63371,-3175,3.65621,0.676397,0.2718
7470000,6,-7.73566,-3161.22,3.7563,0.724644,0.2906
7480000,5,-3.0245,-3165.65,3.50631,0.698986,0.2868
7490000,5,-1.59256,-3165.86,0.849391,0.713704,0.2624
7500000,3,-3.40259,-3176.3,1.27295,0.714577,0.312667
7510000,6,-4.32641,-3161.07,3.50805,0.701984,0.26965
7520000,6,-6.10561,-3166.1,4.9631,0.70988,0.2767
7530000,6,-6.35093,-3169.1,5.30322,0.683707,0.2858
7540000,7,-5.87521,-3158.54,3.74854,0.724122,0.2828
7550000,4,-3.72856,-3173.79,1.80342,0.702893,0.29938
7560000,4,-2.40653,-3174.82,1.9512,0.721932,0.2665
7570000,2,-1.97312,-3180.19,2.32212,0.7092,0.2809
7580000,2,-2.8562,-3186.15,1.08451,0.731474,0.285733
7590000,3,-5.97184,-3177.07,1.78453,0.681195,0.29845
7600000,3,-1.4816,-3181.25,1.00251,0.727628,0.2865
7610000,2,0.228453,-3180.7,0.245116,0.703323,0.272
7620000,3,-5.3689,-3174.32,3.63791,0.689781,0.27245
7630000,2,-2.57446,-3185.02,0.639988,0.702242,0.3017
7640000,3,-3.18107,-3182.03,1.91608,0.73571,0.3089
7650000,4,-2.68119,-3170.4,1.66823,0.733899,0.3093
7660000,3,-3.28073,-3175.52,2.74039,0.72158,0.3073
7670000,6,-5.0478,-3166.29,5.34174,0.659895,0.2819
7680000,6,-4.73964,-3166.48,2.66597,0.671249,0.2926
7690000,3,-2.40007,-3173.14,1.22983,0.700264,0.29015
7700000,5,-5.70418,-3172.26,2.6057,0.685868,0.30495
7710000,3,-6.75683,-3189.55,3.40885,0.708272,0.30705
7720000,5,-5.0628,-3172.75,3.00458,0.755249,0.30815
7730000,2,-0.487441,-3180.35,0.84721,0.694153,0.30115
7740000,3,-3.20694,-3173.09,1.9314,0.700779,0.2867
7750000,4,-1.4286,-3170.44,0.794633,0.701227,0.2812
7760000,4,-3.86266,-3174.58,3.15478,0.674115,0.3153
7770000,4,-1.2835,-3173.75,1.70219,0.697614,0.26585
7780000,4,-4.12418,-3177.29,2.42027,0.673549,0.2777
7790000,3,-0.790802,-3181.72,0.443804,0.667972,0.2981
7800000,6,-7.4547,-3159.66,4.96142,0.693588,0.2767
7810000,5,-1.94407,-3167.24,2.01363,0.663968,0.2812
7820000,4,-3.44503,-3175.93,2.22709,0.735792,0.306833
7830000,4,-2.45139,-3171.21,1.44604,0.665653,0.26425
7840000,7,-5.39505,-3156.89,2.95057,0.719366,0.2693
7850000,4,-4.09073,-3172.97,1.22168,0.712615,0.2874
7860000,6,-5.08289,-3162.31,3.72359,0.688692,0.2904
7870000,5,-6.75981,-3175.62,4.47753,0.713522,0.31935
7880000,2,-2.8031,-3178.38,3.22238,0.702361,0.2903
7890000,3,-2.81508,-3170.77,2.70446,0.699515,0.2904
7900000,3,-1.61132,-3177.48,1.89849,0.719125,0.304867
7910000,3,-2.43521,-3179.62,2.006,0.723065,0.27955
7920000,3,-1.24686,-3180.89,0.879395,0.721686,0.27695
7930000,4,-3.05134,-3170.36,3.45533,0.709638,0.2935
7940000,5,-5.81336,-3165.06,2.74005,0.674546,0.2797
7950000,2,-0.995048,-3185.88,1.09144,0.692302,0.2697
7960000,4,-3.88463,-3178.65,3.76315,0.708736,0.272
7970000,5,-5.63269,-3176.33,2.16882,0.719809,0.286617
7980000,2,-1.52633,-3180.06,1.97958,0.684969,0.3133
7990000,4,-6.14194,-3177.15,3.84489,0.683832,0.3095
8000000,3,-2.73469,-3182.13,2.10586,0.716523,0.2844
8010000,5,-5.11964,-3167.8,2.91574,0.696187,0.2853
8020000,4,-1.51356,-3173.38,1.20408,0.674523,0.2904
8030000,2,-4.94458,-3183.36,2.69323,0.71116,0.30365
8040000,2,-0.983202,-3180.41,1.38544,0.697193,0.306
8050000,2,-2.05273,-3183.59,2.31689,0.725134,0.283833
8060000,2,-1.04151,-3188.47,1.46911,0.729143,0.3036
8070000,4,-10.1588,-3173.59,3.36695,0.702845,0.3126
8080000,3,-3.85769,-3172.68,2.6059,0.699892,0.3078
8090000,3,-4.48067,-3180.73,4.66201,0.67297,0.28845
8100000,3,-2.52516,-3180.03,2.01476,0.734696,0.2841
8110000,3,-3.02955,-3171.69,1.5125,0.710424,0.3067
8120000,7,-9.65871,-3163.14,2.14353,0.737372,0.27585
8130000,5,-6.50422,-3164.7,1.69149,0.705013,0.2764
8140000,6,-7.19865,-3165.58,5.60432,0.719368,0.2633
8150000,4,-6.21073,-3174.42,2.1889,0.724693,0.2654
8160000,2,-3.78239,-3181.25,4.03035,0.734523,0.2557
8170000,5,-5.32871,-3170.12,2.44343,0.687352,0.2985
8180000,4,-2.18454,-3173.88,2.36303,0.694075,0.2487
8190000,4,-4.26393,-3178.64,2.79602,0.713119,0.26
8200000,5,-4.0331,-3165.25,2.37395,0.707335,0.263
8210000,5,-3.94609,-3166.44,2.16472,0.69488,0.2644
8220000,3,-0.639779,-3172.36,0.855159,0.689824,0.257
8230000,3,-0.994196,-3174.26,1.17192,0.713263,0.2525
8240000,4,-4.49474,-3172.77,4.54441,0.733482,0.2767
8250000,3,-2.15641,-3174.83,2.41505,0.707218,0.2667
8260000,4,-4.30902,-3173.07,4.03604,0.706775,0.2653
8270000,3,-3.74513,-3175.03,3.19442,0.73858,0.29263
8280000,8,-10.4774,-3152.31,6.5067,0.753071,0.26925
8290000,4,-5.67773,-3174.7,3.07772,0.735691,0.3095
8300000,5,-3.98841,-3161.08,0.950392,0.709676,0.27365
8310000,4,-6.15729,-3172.07,3.93619,0.663128,0.264
8320000,3,-3.46975,-3173.72,2.33936,0.699697,0.309333
8330000,6,-4.0114,-3167.25,2.72339,0.690071,0.26215
8340000,5,-3.3491,-3166.38,1.24098,0.683452,0.3068
8350000,7,-6.33455,-3166.06,3.79946,0.702027,0.27875
8360000,4,-3.4481,-3169.21,2.22256,0.722548,0.2795
8370000,5,-5.1991,-3170.56,2.82275,0.710864,0.26655
8380000,3,-2.78903,-3175.97,2.37492,0.70475,0.2702
8390000,3,-3.66307,-3180.49,3.78269,0.699266,0.2646
8400000,6,-6.46867,-3157.89,4.19216,0.687599,0.27455
8410000,4,-4.75701,-3174.17,4.92605,0.711975,0.2622
8420000,5,-4.04259,-3162.55,3.62475,0.700967,0.2742
8430000,8,-7.60731,-3167.54,2.94093,0.740157,0.2785
8440000,3,-1.94345,-3174.48,2.48332,0.668809,0.27242
8450000,5,-4.0677,-3162.34,2.28595,0.694562,0.2705
8460000,4,-2.25603,-3171.1,1.22083,0.715471,0.281
8470000,4,-5.07541,-3169.84,2.19027,0.684981,0.301933
8480000,4,-4.07363,-3178.32,2.95738,0.71083,0.2925
8490000,5,-3.06597,-3169.12,2.63779,0.694371,0.272667
8500000,3,-1.1284,-3176.59,1.1139,0.689622,0.3043
8510000,4,-3.39125,-3174.12,1.92873,0.667442,0.27235
8520000,4,-2.79852,-3171.44,2.48965,0.719131,0.2984
8530000,3,-2.33198,-3176.73,1.30941,0.690361,0.3051
8540000,4,-2.98095,-3173.51,1.95136,0.720453,0.29655
8550000,4,-3.5531,-3171.94,2.06884,0.724672,0.31095
8560000,4,-3.21359,-3176.8,1.25454,0.689479,0.3102
8570000,3,-0.455255,-3173.09,1.03268,0.695203,0.2951
8580000,3,-3.37093,-3174.9,1.45959,0.692489,0.3042
8590000,4,-3.56819,-3171.92,2.18992,0.71914,0.30256
8600000,4,-4.37583,-3174.65,2.35679,0.723901,0.3045
8610000,3,-1.61613,-3177.27,1.8498,0.719382,0.302867
8620000,3,-2.58816,-3171.32,1.30407,0.708906,0.3131
8630000,4,-4.79085,-3170.94,3.13804,0.69527,0.3126
8640000,4,-4.63985,-3171.98,2.98782,0.684853,0.3035
8650000,4,-5.57284,-3180.69,3.01822,0.744607,0.3103
8660000,3,0.326434,-3175.54,0.527609,0.707863,0.310533
8670000,4,-2.05381,-3169.37,0.416824,0.696867,0.3162
8680000,4,-3.64881,-3174.51,3.14777,0.725253,0.3176
8690000,3,-6.44007,-3177.69,5.1433,0.747946,0.2789
8700000,6,-4.14368,-3161.1,1.58132,0.699444,0.28238
8710000,6,-5.51041,-3163.71,2.55927,0.722004,0.2849
8720000,3,-0.722812,-3179.24,1.18393,0.715959,0.3011
8730000,2,-0.0843217,-3183.21,0.622445,0.710291,0.314
8740000,3,-2.22789,-3178.01,1.93903,0.711243,0.308
8750000,2,-0.670898,-3182.84,0.931351,0.731539,0.3062
8760000,4,-8.41908,-3183.47,5.22687,0.69877,0.303914
8770000,2,-1.9689,-3185.1,2.12583,0.702285,0.2935
8780000,5,-4.62412,-3164.26,4.10169,0.699639,0.2838
8790000,4,-1.13781,-3167.71,1.59077,0.714932,0.2969
8800000,8,-7.01176,-3159.62,4.85372,0.718208,0.2867
8810000,4,-1.66934,-3178.98,1.10743,0.722076,0.2834
8820000,3,-5.56921,-3175.44,2.56167,0.727176,0.2685
8830000,3,-3.43657,-3174.85,1.85615,0.717203,0.295283
8840000,3,-0.257778,-3181.35,0.788879,0.711865,0.313
8850000,5,-4.10739,-3167.89,3.19535,0.735332,0.3088
8860000,3,-0.575541,-3173.21,0.533071,0.695312,0.2845
8870000,5,-5.03182,-3177.6,1.78675,0.750537,0.29102
8880000,3,-2.13686,-3181.35,1.99488,0.714713,0.2858
8890000,3,-3.68102,-3172.98,3.04452,0.676055,0.28645
8900000,2,0.138274,-3180.05,0.174175,0.664149,0.2831
8910000,3,-1.62537,-3176.11,0.456077,0.703572,0.285767
8920000,2,-1.83714,-3182.72,1.90487,0.671213,0.27865
8930000,2,-1.20929,-3181.28,1.73625,0.709517,0.30605
8940000,2,-1.39422,-3189.03,1.21893,0.714219,0.2573
8950000,2,-0.505575,-3181.23,0.921485,0.706587,0.2551
8960000,5,-6.59675,-3161.87,3.74554,0.682616,0.26875
8970000,6,-6.68637,-3161.2,4.84671,0.685381,0.2785
8980000,3,-0.310053,-3174.43,0.892629,0.717315,0.3032
8990000,4,-3.35789,-3170.66,1.4676,0.720172,0.2559
9000000,3,-3.58217,-3178.38,3.57572,0.718664,0.3032
9010000,2,-1.81617,-3182.16,2.05087,0.679938,0.31
9020000,6,-6.71353,-3161.53,6.09707,0.691788,0.280967
9030000,3,-4.17983,-3178.48,3.48833,0.686915,0.3092
9040000,4,-2.54996,-3184.38,1.68827,0.729764,0.29075
9050000,3,-2.14739,-3174.86,1.15048,0.738237,0.30835
9060000,3,-4.62546,-3179.36,3.56517,0.691272,0.2922
9070000,3,-1.92261,-3177.85,1.10744,0.684197,0.2845
9080000,3,-2.3994,-3185.96,0.451295,0.711181,0.304933
9090000,3,-5.13916,-3174.47,2.80743,0.715842,0.2995
9100000,5,-5.76856,-3174.85,3.35235,0.688664,0.2858
9110000,6,-6.75254,-3162.28,2.76536,0.705255,0.2845
9120000,3,-2.93287,-3176.18,2.47384,0.688417,0.2848
9130000,4,-3.21363,-3172.21,3.14695,0.718951,0.2758
9140000,5,-4.35991,-3173.88,2.53496,0.66854,0.282714
9150000,6,-5.67386,-3163.84,3.33589,0.714105,0.2866
9160000,4,-4.84738,-3172.56,2.47356,0.687732,0.297533
9170000,5,-4.37558,-3167.47,1.40933,0.687889,0.30165
9180000,3,-2.40292,-3175.23,2.6021,0.695359,0.2913
9190000,3,-1.56418,-3174.61,2.07585,0.686226,0.2854
9200000,2,-1.9472,-3180.75,2.39722,0.718376,0.299467
9210000,3,-4.22692,-3179.71,3.31556,0.734335,0.3059
9220000,4,-3.59392,-3172,2.44611,0.71165,0.3059
9230000,2,-0.759515,-3185.37,0.932023,0.683645,0.283975
9240000,3,-4.21412,-3177.96,2.28742,0.684573,0.31095
9250000,3,-0.840981,-3173.22,1.62057,0.722293,0.2901
9260000,3,-4.86136,-3178.08,2.96948,0.689247,0.31005
9270000,4,-3.27631,-3172.65,1.57783,0.719322,0.3174
9280000,2,-2.08064,-3191.49,1.15971,0.671149,0.2955
9290000,2,-0.815296,-3180.04,1.13627,0.697309,0.285275
9300000,6,-2.8957,-3159.86,1.84553,0.713546,0.2897
9310000,2,-4.3084,-3185.62,2.35463,0.720962,0.3091
9320000,2,-1.09987,-3182.98,1.57318,0.720454,0.3121
9330000,7,-6.81558,-3165.92,4.92897,0.70107,0.286233
9340000,5,-2.79056,-3164.47,0.578248,0.679681,0.2825
9350000,3,-1.99385,-3177.74,1.03143,0.707839,0.3116
9360000,9,-8.96969,-3161.11,3.84651,0.713901,0.2733
9370000,6,-1.94423,-3164.81,1.41925,0.709608,0.2668
9380000,4,-2.52036,-3168.88,1.23854,0.731286,0.271
9390000,7,-6.30521,-3164.15,4.34749,0.724106,0.2799
9400000,6,-5.07276,-3165.31,1.2203,0.707329,0.2874
9410000,3,-0.459722,-3180.06,0.99609,0.639139,0.2608
9420000,2,-1.31877,-3181.17,1.65621,0.680623,0.298757
9430000,6,-4.62347,-3163.51,1.72634,0.699599,0.26135
9440000,5,-7.75295,-3167.43,4.24388,0.693407,0.30635
9450000,8,-5.59279,-3163.2,2.54534,0.691927,0.28785
9460000,4,-1.36652,-3174.55,2.06533,0.686382,0.2702
9470000,3,-2.88087,-3173.28,1.84068,0.71551,0.2898
9480000,3,-5.23575,-3178.2,2.34745,0.743155,0.30105
9490000,6,-4.88868,-3168.85,3.29869,0.717196,0.2677
9500000,2,-0.799546,-3182.73,0.961043,0.693716,0.28215
9510000,6,-5.57061,-3172.41,2.41408,0.658949,0.27005
9520000,4,-3.02796,-3172.98,2.91791,0.687113,0.26505
9530000,5,-4.90108,-3165.91,3.62543,0.694606,0.2708
9540000,7,-8.80628,-3162.54,4.73373,0.690187,0.271033
9550000,9,-8.83146,-3157.66,4.0825,0.728805,0.26655
9560000,6,-6.6345,-3167.11,4.66475,0.701771,0.29925
9570000,4,-3.87241,-3167.15,3.06448,0.688005,0.27635
9580000,4,-4.62386,-3165.32,3.32332,0.703274,0.278
9590000,3,-0.453521,-3187.49,1.13773,0.741829,0.312
9600000,2,-0.173669,-3179.12,0.618437,0.689453,0.3142
9610000,6,-7.36158,-3165.29,4.53473,0.671878,0.2786
9620000,5,-2.49007,-3164.39,1.41961,0.731271,0.2659
9630000,5,-4.76673,-3170.09,2.0773,0.687675,0.289867
9640000,7,-5.84137,-3161.54,3.09214,0.735411,0.265
9650000,7,-6.75107,-3164.43,4.37945,0.6937,0.2742
9660000,2,-2.02551,-3179.9,2.46435,0.714882,0.282433
9670000,3,-4.96483,-3178.7,1.64883,0.702224,0.2915
9680000,4,-2.91682,-3175.3,3.6747,0.676935,0.2848
9690000,3,-2.61846,-3175.98,0.975319,0.684669,0.3067
9700000,4,-2.75178,-3169.81,2.00354,0.718487,0.2871
9710000,4,-8.16913,-3174.38,4.13005,0.702348,0.29655
9720000,3,-3.04228,-3173.5,1.90225,0.708316,0.304
9730000,8,-8.99538,-3165.08,6.4,0.650889,0.2912
9740000,3,-3.48514,-3176.81,1.63911,0.74379,0.30935
9750000,3,-3.07827,-3173.14,2.20191,0.707334,0.29225
9760000,4,-5.44231,-3176.43,3.53137,0.727964,0.2882
9770000,3,-2.29158,-3183.81,1.13867,0.729965,0.296767
9780000,7,-8.59267,-3168.57,6.16096,0.705569,0.2905
9790000,6,-5.85465,-3159.78,3.82926,0.703897,0.2948
9800000,3,-3.05151,-3174.2,1.16861,0.745903,0.30575
9810000,5,-2.4856,-3173.93,2.9241,0.722882,0.28175
9820000,3,-1.64546,-3175.84,1.93088,0.683109,0.2674
9830000,8,-6.6632,-3164.52,4.58371,0.701003,0.2625
9840000,3,-2.52372,-3177.64,1.37181,0.738415,0.312325
9850000,5,-4.99897,-3163.52,3.01956,0.690563,0.268
9860000,5,-2.64859,-3175.73,1.92536,0.695152,0.254
9870000,5,-1.91559,-3170.62,2.64246,0.744633,0.2695
9880000,6,-6.41134,-3164.07,3.50999,0.706137,0.2816
9890000,6,-5.00161,-3170.84,5.39213,0.708172,0.2773
9900000,5,-0.436723,-3163.71,0.998029,0.734378,0.2771
9910000,5,-4.67099,-3174.47,2.53297,0.689366,0.288214
9920000,4,-3.80309,-3175.14,1.77416,0.705853,0.3122
9930000,5,-4.17836,-3173.58,2.32103,0.668452,0.3131
9940000,5,-7.68567,-3168.85,3.50819,0.708497,0.3048
9950000,6,-9.66529,-3167.15,3.82539,0.699805,0.3107
9960000,7,-11.4275,-3167.78,6.60939,0.693787,0.2762
9970000,3,-2.45189,-3175.39,1.63573,0.671542,0.295
9980000,2,-3.52672,-3182.44,4.05649,0.722841,0.283112
9990000,5,-5.10473,-3170.07,1.90218,0.705158,0.3165
