generation,N_shifts,logPrior,logLik,eventRate,preservationRate,acceptRate
0,1,-2.405,-6923.68,1,0.43,1
10000,4,-2.88117,-3999.38,1.9094,0.587388,0.257374
20000,1,-0.340326,-4008.62,0.654513,0.592877,0.2661
30000,1,-0.827807,-4008.46,1.19496,0.596768,0.2625
40000,1,-0.205644,-4010.7,0.555528,0.564729,0.261667
50000,1,-0.702354,-4009.63,1.01274,0.602054,0.2609
60000,1,-0.919167,-4008.69,1.2794,0.583968,0.2605
70000,1,-0.770127,-4011.42,1.15821,0.581378,0.2665
80000,1,-0.768381,-4010.07,1.11822,0.599507,0.2537
90000,1,-0.773447,-4009.25,1.11443,0.606345,0.2563
100000,0,-0.262166,-4025.91,0.262166,0.557133,0.22484
110000,2,-1.34664,-4001,1.93335,0.586297,0.24975
120000,2,-1.77056,-4005.11,1.91993,0.587302,0.2614
130000,2,-0.763299,-4008.92,0.529366,0.579629,0.2264
140000,3,-0.861301,-4004.52,1.07882,0.586306,0.26025
150000,2,-0.588605,-4002.49,1.21069,0.585728,0.2664
160000,1,-0.143087,-4008.83,0.495799,0.568522,0.256733
170000,1,0.117693,-4008.64,0.245817,0.581616,0.2637
180000,1,-0.00321693,-4009.84,0.327791,0.578656,0.261967
190000,2,-0.284581,-4004.32,0.953416,0.614833,0.25915
200000,1,0.0309499,-4009.44,0.314718,0.57838,0.257
210000,1,-0.648116,-4008.8,1.02064,0.575331,0.2441
220000,1,0.12242,-4009.91,0.172977,0.612208,0.2594
230000,3,-2.63115,-4002.03,2.28576,0.585052,0.2643
240000,1,-0.632152,-4008.92,1.02306,0.587579,0.25865
250000,1,-1.41015,-4009.45,1.72032,0.581011,0.26785
260000,2,-1.29008,-4005.97,1.10374,0.584034,0.2619
270000,3,-3.5631,-4005.44,3.25825,0.618282,0.2671
280000,2,-0.431911,-4004.09,0.943415,0.583639,0.2596
290000,4,-1.83248,-4000.16,2.04025,0.584316,0.25915
300000,1,-0.964806,-4009.17,1.34839,0.559465,0.26255
310000,3,-0.749585,-4003.03,1.52381,0.581872,0.2444
320000,2,-1.40988,-4001.11,1.98944,0.585196,0.253167
330000,1,-1.28679,-4011.12,1.62521,0.568456,0.2718
340000,1,-0.99906,-4011.25,1.30204,0.578827,0.2652
350000,2,-1.36848,-4001.34,2.0331,0.581957,0.2609
360000,1,-0.549457,-4008.79,0.834145,0.57811,0.2708
370000,1,-0.566758,-4008.96,0.989293,0.593927,0.2545
380000,3,-1.44317,-4003.28,2.24247,0.575488,0.258475
390000,1,-0.525936,-4009.82,0.863975,0.61902,0.2586
400000,1,-0.603878,-4009.47,0.992843,0.576236,0.257833
410000,1,-0.265063,-4007.36,0.603385,0.593641,0.26235
420000,2,-1.23725,-4005.07,1.82971,0.579932,0.26275
430000,1,0.0451265,-4008.33,0.283919,0.610184,0.25625
440000,1,-1.54456,-4013.1,1.90994,0.585542,0.2752
450000,2,-0.0398229,-4004.74,0.565449,0.6142,0.25865
460000,1,-0.660185,-4009.22,0.945139,0.602243,0.25535
470000,0,-0.569669,-4024.73,0.569669,0.588049,0.24985
480000,1,-2.58708,-4021.44,0.369742,0.593872,0.2178
490000,1,-1.59694,-4021.38,1.77341,0.590502,0.2249
500000,1,-0.349919,-4009.12,0.743866,0.588654,0.2272
510000,1,-0.453096,-4009.11,0.809072,0.566329,0.23944
520000,3,-0.518442,-4000.84,1.52418,0.615007,0.2587
530000,1,-1.07697,-4008.61,1.44157,0.558225,0.263
540000,1,0.109417,-4010.49,0.181079,0.560633,0.25915
550000,1,-0.0113493,-4008.88,0.362867,0.589232,0.26315
560000,1,-1.25733,-4008.57,1.58033,0.59468,0.2612
570000,2,-1.52124,-4003.66,2.20982,0.564122,0.263433
580000,3,-1.84893,-4002.73,1.61637,0.600858,0.2617
590000,1,-0.649405,-4008.95,1.00222,0.606425,0.2567
600000,1,-0.569416,-4009.16,0.958904,0.56776,0.2576
610000,2,-0.292152,-4008.19,1.08268,0.575103,0.26035
620000,1,-0.421804,-4007.7,0.778532,0.572328,0.2562
630000,1,-0.262881,-4008.56,0.572934,0.604038,0.2599
640000,1,0.32141,-4010.08,0.0571176,0.619568,0.2621
650000,2,-1.03827,-4009.64,0.327784,0.568972,0.2615
660000,1,-0.544916,-4009.85,0.796372,0.575004,0.2515
670000,1,-0.740488,-4012.77,1.09733,0.627535,0.2518
680000,1,-0.567944,-4007.73,0.903843,0.589824,0.254
690000,1,-0.345045,-4012.99,0.696573,0.541184,0.2548
700000,2,-0.0847707,-4002.88,0.720536,0.57706,0.256767
710000,1,-1.0412,-4009.78,1.39749,0.564466,0.2698
720000,1,0.270716,-4008.98,0.0269427,0.586644,0.2519
730000,1,-0.0305546,-4009.93,0.323874,0.563526,0.262967
740000,2,-2.1113,-4007.54,2.84725,0.62457,0.2574
750000,2,-3.22043,-4003.2,3.78624,0.617588,0.2592
760000,1,-0.675535,-4008.25,1.05842,0.585261,0.2619
770000,2,-1.76587,-4007.3,2.09964,0.574729,0.26204
780000,1,0.249047,-4009.7,0.0625162,0.578939,0.2622
790000,3,-2.43066,-4013.07,1.7915,0.571221,0.2504
800000,1,-2.16643,-4025.08,2.23374,0.587275,0.249925
810000,1,-0.497816,-4007.26,0.881312,0.583632,0.2409
820000,2,-0.964832,-4010.03,1.34967,0.589493,0.2699
830000,2,-1.08677,-4005.25,0.697201,0.615776,0.24845
840000,3,-3.04319,-4006.01,3.84374,0.584577,0.2647
850000,2,-0.809738,-4002.63,1.62549,0.587501,0.2579
860000,2,-1.21143,-4008.36,0.46764,0.570493,0.26605
870000,2,-0.40071,-4007.59,0.564985,0.607846,0.2625
880000,2,-0.880943,-4011.72,0.693641,0.586996,0.2773
890000,1,0.212361,-4008.82,0.143418,0.579511,0.2588
900000,1,-1.0834,-4009.54,1.41503,0.588207,0.26348
910000,3,0.386014,-4000.27,0.602704,0.578899,0.25475
920000,1,0.0890649,-4010.45,0.194002,0.562722,0.2602
930000,1,0.0245204,-4009.54,0.294518,0.600266,0.2663
940000,2,-0.897014,-4010.86,1.43081,0.609947,0.263333
950000,4,-1.59388,-4002.32,2.33498,0.572391,0.243
960000,1,-0.195005,-4010.3,0.579524,0.585202,0.2509
970000,1,-1.53759,-4014.87,1.78393,0.599494,0.246525
980000,3,-2.96146,-4007.51,2.58431,0.604976,0.2601
990000,1,-1.03729,-4011.44,1.3234,0.581365,0.259367
1000000,1,-0.459786,-4007.34,0.792183,0.590404,0.256
1010000,3,-1.93107,-4011.01,0.982704,0.591454,0.2674
1020000,3,-2.14371,-4003.45,1.36631,0.589875,0.2616
1030000,2,-0.153553,-4000.82,0.776924,0.566736,0.25802
1040000,1,-0.757279,-4008.74,1.12694,0.568455,0.25395
1050000,5,-1.60394,-4003.06,1.3426,0.595844,0.2527
1060000,2,-1.61301,-4004.4,2.17237,0.583278,0.260133
1070000,2,-2.79283,-4003.25,3.50083,0.566321,0.2852
1080000,1,-0.906911,-4015.39,1.27607,0.591151,0.266
1090000,3,-0.865686,-4003.75,1.20778,0.581387,0.2684
1100000,2,-0.29848,-4004.75,0.860032,0.596033,0.2677
1110000,1,-0.607656,-4009.41,0.904605,0.598191,0.2688
1120000,1,-0.38425,-4008.74,0.801822,0.578067,0.259871
1130000,1,-1.17929,-4010.1,1.55054,0.572686,0.2527
1140000,2,-0.931108,-4012.44,0.605417,0.588586,0.261867
1150000,2,-1.81295,-4008.65,2.13819,0.599087,0.2715
1160000,1,-0.0961989,-4007.66,0.41911,0.59904,0.267133
1170000,2,-1.43459,-4012.49,1.35169,0.567231,0.2611
1180000,3,-0.76884,-4004.39,1.4555,0.586796,0.2605
1190000,1,-0.539494,-4008.5,0.953912,0.595825,0.2591
1200000,2,-0.832588,-4003.6,1.50365,0.607067,0.2587
1210000,2,-0.179656,-4005.92,0.788854,0.582897,0.2851
1220000,1,-0.813533,-4007.47,1.16512,0.590415,0.2621
1230000,4,-0.557989,-3999.52,0.738994,0.592117,0.2558
1240000,2,-1.33362,-4001.31,1.93455,0.600821,0.27246
1250000,1,0.162995,-4008.1,0.126333,0.593412,0.2629
1260000,1,-0.552329,-4008.04,0.900798,0.600794,0.2644
1270000,3,-0.744624,-4001.11,1.44298,0.57769,0.251
1280000,2,-0.82752,-4002.28,1.36765,0.583084,0.2665
1290000,2,-1.18374,-4010.76,0.952187,0.577063,0.26025
1300000,1,-0.775498,-4012.07,1.11188,0.56074,0.2752
1310000,2,0.0850585,-4006.38,0.327156,0.598755,0.258167
1320000,1,-1.4838,-4008.03,1.79182,0.582771,0.2487
1330000,1,-0.0818367,-4012.24,0.469169,0.620595,0.2475
1340000,2,-1.59963,-4005.53,2.14528,0.602795,0.2535
1350000,2,-0.592272,-4003.31,1.31942,0.594886,0.26505
1360000,1,-0.206577,-4008.06,0.561772,0.591928,0.2593
1370000,1,0.23148,-4011,0.0352062,0.598461,0.2589
1380000,2,0.158251,-4002.29,0.503899,0.581812,0.263
1390000,1,-0.225553,-4011.57,0.653086,0.610004,0.26696
1400000,1,-0.629695,-4009.73,0.926142,0.566732,0.26905
1410000,1,-0.448168,-4009.56,0.789768,0.598955,0.26265
1420000,2,-1.6083,-4011.46,1.28361,0.600731,0.2489
1430000,2,-1.0277,-4001.22,1.5833,0.595203,0.254
1440000,2,-0.437995,-4006.48,1.03163,0.586799,0.2605
1450000,2,-1.26945,-4000.87,1.90116,0.579861,0.269
1460000,1,-1.47996,-4011.83,1.71705,0.60176,0.258733
1470000,1,0.226827,-4009.19,0.11452,0.595828,0.256
1480000,2,-0.481721,-4002.04,1.15748,0.590343,0.259333
1490000,2,-0.428761,-4003.63,1.09238,0.600515,0.24895
1500000,1,-0.583878,-4007.86,0.958517,0.587622,0.25325
1510000,2,-1.32226,-4008.77,1.70467,0.605389,0.26065
1520000,1,-0.849783,-4013.71,1.07498,0.555715,0.2707
1530000,2,-1.58772,-4000.4,2.2141,0.577031,0.2347
1540000,2,-0.137235,-3999.67,0.794476,0.572659,0.2634
1550000,2,0.36348,-4004.3,0.264743,0.611094,0.2503
1560000,3,-0.480361,-4004.07,1.26352,0.586741,0.2312
1570000,2,-0.552551,-4006.48,1.148,0.625132,0.2529
1580000,2,-2.2367,-4008.08,1.65171,0.597289,0.2691
1590000,1,0.138826,-4014.84,0.174423,0.563986,0.2496
1600000,1,-0.193956,-4008.66,0.498453,0.563745,0.2564
1610000,2,-1.71303,-4006.53,2.44654,0.5817,0.2579
1620000,1,-0.0603867,-4008.69,0.395038,0.575002,0.256044
1630000,2,-0.3169,-4002.93,1.02352,0.601608,0.26825
1640000,1,-0.203328,-4009.25,0.500539,0.571915,0.2589
1650000,1,-2.08691,-4010.12,2.39832,0.568322,0.2551
1660000,1,-1.22206,-4007.07,1.59467,0.582023,0.262075
1670000,2,-0.0525305,-3999.66,0.668919,0.581916,0.2666
1680000,3,-2.58436,-4006.58,1.47646,0.610914,0.2557
1690000,1,-0.272082,-4007.97,0.628155,0.580945,0.2595
1700000,2,-1.32282,-4003.37,2.03945,0.570167,0.26668
1710000,1,-0.0561371,-4010.06,0.363864,0.60846,0.26445
1720000,2,-0.0614711,-4011.37,0.825025,0.586467,0.27235
1730000,2,-2.22881,-4007.49,0.655959,0.574643,0.2615
1740000,2,-0.329894,-4002.32,0.876104,0.605495,0.2592
1750000,1,-0.346372,-4010.52,0.721368,0.616769,0.2603
1760000,1,-0.866714,-4015.38,1.15108,0.56605,0.2543
1770000,1,-0.195241,-4012.04,0.411082,0.576532,0.2637
1780000,1,-0.309275,-4009.6,0.660961,0.591492,0.255575
1790000,2,-1.21024,-4002.58,1.82417,0.576655,0.2489
1800000,1,-0.345417,-4009.44,0.682948,0.558012,0.2648
1810000,2,-1.30135,-4007.26,1.0576,0.599366,0.25455
1820000,3,-1.5967,-4003.76,1.32934,0.58768,0.2546
1830000,1,-1.2316,-4008.7,1.61729,0.580541,0.2599
1840000,1,0.0360342,-4013.44,0.247111,0.615519,0.257525
1850000,3,-4.10631,-4000.6,2.82318,0.548215,0.25665
1860000,3,-1.10906,-3999.25,1.28459,0.577612,0.25
1870000,2,-0.84654,-4000.46,1.47837,0.592914,0.259667
1880000,2,-2.83531,-4008.19,2.36645,0.598934,0.25325
1890000,1,-1.11804,-4008.83,1.51635,0.591014,0.2619
1900000,1,0.0730433,-4008.66,0.327238,0.606828,0.2454
1910000,1,-0.543072,-4010.78,0.834841,0.578704,0.2578
1920000,2,-1.21688,-4006.43,1.57961,0.591829,0.25296
1930000,4,0.403762,-4008.67,0.953114,0.572439,0.2626
1940000,1,-0.490731,-4007.23,0.842306,0.573189,0.2699
1950000,3,-2.13697,-4000.62,2.42826,0.609825,0.26485
1960000,1,-0.421569,-4009.61,0.756162,0.591196,0.26
1970000,1,-0.720931,-4011.96,1.12184,0.613503,0.2575
1980000,1,-0.734335,-4009.65,1.04914,0.596913,0.2666
1990000,3,-1.65859,-4003.38,1.4681,0.579832,0.2502
2000000,2,-0.446546,-4013.93,0.537761,0.601651,0.257
2010000,1,-0.227991,-4009.99,0.498038,0.569965,0.2546
2020000,2,-1.45489,-4008.63,1.44467,0.579248,0.2495
2030000,2,-1.35986,-4006.04,0.698534,0.576541,0.2521
2040000,1,-0.882844,-4007.73,1.28326,0.590941,0.2532
2050000,2,-0.102088,-4005.59,0.123025,0.598661,0.2558
2060000,1,-0.903827,-4011.24,1.24055,0.57684,0.2448
2070000,5,-3.5883,-4010.13,2.70847,0.606254,0.2608
2080000,2,-0.736609,-4005.07,0.637397,0.576802,0.2649
2090000,2,-2.21907,-4005.26,1.37746,0.576225,0.2541
2100000,1,0.015847,-4009.19,0.304374,0.572303,0.26418
2110000,3,-2.36808,-4010.71,1.79716,0.561134,0.2544
2120000,2,0.0338066,-4009.51,0.439123,0.568845,0.259833
2130000,1,-1.20907,-4007.62,1.58333,0.571643,0.2649
2140000,2,-1.66666,-4004.84,2.38021,0.604689,0.2682
2150000,1,-0.651268,-4010.46,0.974121,0.574296,0.258525
2160000,1,-0.44664,-4008.44,0.760054,0.577282,0.25875
2170000,1,-0.721555,-4009.87,1.10554,0.610188,0.2686
2180000,2,-0.340486,-4003.63,1.04626,0.588968,0.2527
2190000,1,-1.0929,-4009.41,1.42896,0.574382,0.2672
2200000,2,-1.0266,-4004.64,1.625,0.572289,0.2605
2210000,5,-3.78369,-4001.77,1.67725,0.600856,0.267083
2220000,4,-1.42997,-3998.04,2.15887,0.58393,0.2606
2230000,1,-0.435878,-4009.53,0.80188,0.6085,0.265267
2240000,1,-2.73245,-4008.67,3.03897,0.577237,0.2613
2250000,1,-1.10707,-4008.24,1.47778,0.569562,0.261833
2260000,1,-1.11476,-4011.71,1.43599,0.597573,0.2618
2270000,2,-0.700276,-4001.18,1.28692,0.597816,0.24875
2280000,1,-0.621188,-4008,0.918463,0.591615,0.2599
2290000,1,-2.13128,-4007.87,2.47752,0.602012,0.2575
2300000,3,-0.452176,-3998.82,0.905548,0.603725,0.252733
2310000,2,-0.216286,-3999.38,0.874445,0.582571,0.2546
2320000,2,-1.97958,-4007.3,2.21471,0.582882,0.2627
2330000,2,0.288341,-4003.54,0.396531,0.600675,0.261
2340000,2,-1.3767,-4004.88,2.09418,0.559883,0.2491
2350000,2,-0.738196,-4007.63,1.47579,0.596846,0.2583
2360000,2,-1.252,-4005.3,2.03502,0.610986,0.2748
2370000,3,-2.16655,-3999.9,2.16535,0.575247,0.258163
2380000,2,-0.12977,-4006.69,0.770588,0.537539,0.2536
2390000,1,-0.347033,-4008.41,0.678952,0.580236,0.260933
2400000,1,-2.12898,-4009.37,2.46594,0.598701,0.2547
2410000,1,-0.252246,-4008.53,0.57822,0.574302,0.2583
2420000,1,-0.555605,-4008.87,0.922718,0.578323,0.260767
2430000,2,-1.49619,-4000.34,2.0966,0.573628,0.2457
2440000,1,-1.2773,-4009.44,1.56315,0.588659,0.252633
2450000,2,-1.48422,-4000.75,2.09318,0.591281,0.2493
2460000,2,-2.17663,-4009.32,2.05078,0.608732,0.2683
2470000,1,-0.853105,-4007.49,1.20837,0.585012,0.2582
2480000,3,-1.90309,-4009.49,1.40902,0.59145,0.273967
2490000,1,-0.428976,-4008.15,0.763329,0.592546,0.2563
2500000,2,-2.33338,-4005.95,2.80201,0.578125,0.263533
2510000,1,-0.597536,-4011.58,0.961869,0.562645,0.2486
2520000,1,0.000140244,-4010.68,0.325873,0.607569,0.2526
2530000,1,-0.838916,-4009.93,1.19297,0.563052,0.2714
2540000,1,-0.779169,-4007.69,1.1746,0.579173,0.2657
2550000,2,-4.05714,-4008.47,3.16704,0.579488,0.259833
2560000,1,-0.602167,-4007.08,0.937196,0.585917,0.252
2570000,3,-1.79642,-4006.51,2.48608,0.595889,0.2526
2580000,1,-0.0355912,-4011.44,0.319908,0.578412,0.2488
2590000,1,0.0998095,-4011.01,0.276026,0.579991,0.2641
2600000,1,-0.897934,-4012.21,1.26497,0.594764,0.26055
2610000,2,-1.80029,-4005.76,1.31562,0.58821,0.2596
2620000,1,-0.494724,-4009.63,0.828551,0.600502,0.2601
2630000,1,-0.755449,-4012.67,1.12409,0.568273,0.257925
2640000,2,-1.09988,-4003.34,1.61446,0.602745,0.2638
2650000,2,-0.91555,-4000.87,1.5149,0.596396,0.2593
2660000,1,-1.46546,-4011.59,1.72391,0.607085,0.2527
2670000,2,-0.519072,-4010.91,0.76978,0.582372,0.2471
2680000,3,-0.920764,-4001.83,1.17707,0.56185,0.265625
2690000,1,-0.167273,-4007.78,0.532689,0.568085,0.25815
2700000,2,-0.0725997,-4001.08,0.591461,0.585501,0.2631
2710000,2,-1.22591,-4006.89,0.784615,0.574687,0.258567
2720000,2,0.290375,-3999.67,0.31217,0.603803,0.259
2730000,2,0.241026,-4003.62,0.343679,0.581341,0.2514
2740000,1,-0.371449,-4010.44,0.778169,0.573621,0.254725
2750000,2,-0.971153,-4000.92,1.56818,0.582056,0.2589
2760000,3,-1.70164,-3999.01,2.17076,0.589193,0.2426
2770000,1,-1.29996,-4010.72,1.59949,0.619412,0.2651
2780000,1,-0.676908,-4008.16,0.998677,0.59064,0.25894
2790000,2,-0.157899,-4006.38,0.217684,0.571556,0.2498
2800000,3,-3.06804,-3997.6,2.87596,0.597405,0.259867
2810000,1,-0.343488,-4011.24,0.65061,0.607282,0.2656
2820000,4,-3.91524,-4007.36,1.30467,0.601133,0.2727
2830000,1,-0.493842,-4009.62,0.821929,0.603142,0.259667
2840000,2,0.358522,-4007.81,0.193965,0.603687,0.2539
2850000,1,-0.041098,-4008.88,0.403233,0.562871,0.25725
2860000,1,-0.0761867,-4011.38,0.403988,0.595688,0.2805
2870000,1,-1.80645,-4007.83,2.14543,0.600888,0.2695
2880000,2,-0.618208,-4001.56,1.24332,0.58709,0.2649
2890000,1,0.216247,-4008.57,0.0701004,0.594637,0.25695
2900000,1,-0.342784,-4007.72,0.729675,0.578477,0.2596
2910000,1,-0.467902,-4013.13,0.773697,0.629387,0.2624
2920000,3,-2.06354,-4007.28,1.29165,0.612847,0.2746
2930000,1,-0.703894,-4009.75,1.06086,0.614411,0.235567
2940000,4,-1.94445,-4003.57,0.882327,0.54617,0.26105
2950000,1,-1.23109,-4010.35,1.53497,0.586084,0.2514
2960000,2,-0.59171,-4006.14,1.11909,0.557043,0.2638
2970000,2,-2.00744,-4006.8,1.37768,0.595904,0.256
2980000,1,-0.0696846,-4009.12,0.360869,0.569581,0.25908
2990000,2,-1.23167,-4003.52,1.79509,0.587283,0.2672
3000000,1,-0.293675,-4012.1,0.666251,0.615705,0.25715
3010000,3,-3.21765,-4002.07,3.83557,0.593719,0.2552
3020000,1,0.240522,-4008.18,0.143618,0.591611,0.2571
3030000,1,-3.01049,-4008.41,3.37277,0.597852,0.25495
3040000,1,-1.28368,-4011.72,1.64353,0.597221,0.2608
3050000,2,-1.11477,-4002.11,1.69453,0.586729,0.2555
3060000,2,-1.59163,-4005.49,2.12777,0.561474,0.2574
3070000,2,-2.23067,-4005.76,1.78208,0.577953,0.2726
3080000,1,0.0240992,-4007.78,0.313935,0.597174,0.254
3090000,1,-0.533243,-4008.22,0.936918,0.602675,0.25654
3100000,1,-0.476349,-4016.89,0.782852,0.577952,0.2592
3110000,1,-0.167939,-4009.9,0.558866,0.562531,0.2583
3120000,3,0.160783,-4001.88,0.819505,0.592408,0.2566
3130000,2,-2.02266,-4003.11,2.57244,0.576908,0.262275
3140000,1,-1.91959,-4010.74,2.27797,0.615077,0.2552
3150000,2,-0.0501832,-4002.56,0.629502,0.593718,0.2661
3160000,2,-2.65428,-4007.36,2.30513,0.567309,0.2563
3170000,3,-1.21545,-4005.31,1.80947,0.581003,0.25686
3180000,2,-0.935886,-4004.11,0.514645,0.587926,0.25385
3190000,3,-1.99158,-4005.74,2.3901,0.596663,0.26305
3200000,2,-3.37434,-4009.97,2.49328,0.563851,0.25695
3210000,1,-1.50734,-4010.58,1.78928,0.570023,0.2507
3220000,2,-0.256206,-4003.25,0.93694,0.582743,0.256633
3230000,1,0.246604,-4012.23,0.175925,0.584666,0.2558
3240000,1,-1.25477,-4008.57,1.6003,0.57702,0.257867
3250000,1,0.247332,-4009.22,0.130777,0.579784,0.2559
3260000,2,-0.529119,-4004.42,1.02202,0.589485,0.2657
3270000,1,-0.738863,-4008.21,1.07406,0.590036,0.2677
3280000,0,-0.597403,-4023.99,0.597403,0.590423,0.25954
3290000,1,-2.67888,-4011.48,3.08353,0.591661,0.23335
3300000,1,-0.121137,-4009.82,0.401164,0.573822,0.2562
3310000,2,-0.70368,-4001.45,1.39883,0.590591,0.2751
3320000,1,-0.0348372,-4009.28,0.458114,0.579591,0.2597
3330000,2,-1.25649,-4000.63,1.93853,0.586026,0.2649
3340000,1,0.106784,-4009.72,0.296898,0.59371,0.24415
3350000,2,0.201123,-4004.62,0.410096,0.572405,0.2583
3360000,2,-2.89456,-4009.47,1.14256,0.564647,0.258167
3370000,1,-0.418736,-4007.99,0.750261,0.586829,0.2569
3380000,2,-0.302217,-4001.39,0.929428,0.586786,0.2623
3390000,1,-0.0492467,-4010.44,0.425372,0.56298,0.2451
3400000,1,-0.0246314,-4008.98,0.374413,0.572599,0.2529
3410000,1,0.094688,-4009.6,0.26444,0.564551,0.2535
3420000,2,-2.86647,-4004.58,3.53852,0.590601,0.2804
3430000,2,-0.12432,-4007.09,0.823895,0.569433,0.2601
3440000,1,-0.253451,-4008.57,0.529096,0.584497,0.2585
3450000,2,-0.91627,-4000.47,1.47999,0.592613,0.2521
3460000,2,-1.02601,-4001.78,1.67507,0.597321,0.2615
3470000,1,0.00804294,-4009.19,0.307388,0.613273,0.264387
3480000,2,-1.50718,-4005.19,1.96396,0.564682,0.2668
3490000,2,-0.499878,-4001.04,1.16638,0.584578,0.2577
3500000,2,-0.265118,-4009.33,1.00104,0.574125,0.2611
3510000,1,-0.0928457,-4008.97,0.376856,0.592369,0.25375
3520000,2,-1.76603,-4008.96,0.984037,0.58812,0.2493
3530000,3,-1.2983,-4003.04,1.95567,0.565397,0.2501
3540000,2,-1.94613,-4004.22,2.4839,0.614619,0.2446
3550000,4,-3.44989,-3999.85,3.0926,0.59347,0.2522
3560000,4,-2.4433,-3998.79,2.76311,0.595228,0.256933
3570000,2,-1.00409,-4005.96,1.1901,0.576297,0.2558
3580000,2,-2.68477,-4004.17,3.17158,0.594267,0.2627
3590000,2,-0.2516,-4006.67,0.470554,0.571427,0.24995
3600000,3,-1.71578,-3999.44,0.747829,0.579543,0.2595
3610000,1,-0.31356,-4008.83,0.696318,0.603021,0.2534
3620000,1,-0.0601584,-4009.52,0.429147,0.600951,0.2624
3630000,1,-0.725478,-4008.11,1.04384,0.567227,0.2717
3640000,1,-1.45781,-4009.64,1.75206,0.570474,0.2579
3650000,2,0.268337,-4000.69,0.462582,0.571072,0.2497
3660000,3,-0.820997,-4003.72,1.94554,0.588867,0.258275
3670000,1,-0.270254,-4010.12,0.597483,0.563129,0.2651
3680000,1,0.0979206,-4008.71,0.230604,0.564121,0.2606
3690000,1,-0.208033,-4013.02,0.406894,0.592171,0.2548
3700000,3,-0.426523,-4003.48,0.21438,0.574264,0.2587
3710000,1,-0.60627,-4007.38,0.953135,0.585432,0.2569
3720000,2,-0.695243,-4006.98,1.40117,0.605818,0.2599
3730000,4,-5.3733,-4003.52,4.84935,0.572154,0.2669
3740000,2,-0.570728,-4000.08,1.2399,0.558647,0.26204
3750000,1,-0.791443,-4009.09,1.1735,0.597684,0.26475
3760000,1,0.0149783,-4010.36,0.24643,0.57505,0.253
3770000,1,-1.45848,-4009.58,1.75068,0.576575,0.2593
3780000,1,-0.314247,-4009.23,0.684126,0.610621,0.255275
3790000,3,-1.29178,-4003.71,2.22948,0.581438,0.2566
3800000,2,-1.03075,-4004.04,1.52971,0.601035,0.2573
3810000,1,-0.334999,-4010.02,0.691553,0.58758,0.26715
3820000,1,-0.845136,-4010.36,1.27489,0.564908,0.2632
3830000,1,-0.278485,-4010.15,0.678308,0.571401,0.2611
3840000,1,-0.1578,-4011.09,0.46989,0.564897,0.254
3850000,1,-1.12537,-4007.42,1.47311,0.592553,0.2641
3860000,1,-0.361183,-4008.81,0.679347,0.606916,0.2621
3870000,1,-0.253029,-4008.48,0.63593,0.58687,0.26104
3880000,1,-1.00322,-4010.24,1.33236,0.60289,0.2543
3890000,1,-1.8086,-4009.91,2.14775,0.591842,0.261
3900000,3,-0.890705,-4007.62,1.02038,0.582581,0.2661
3910000,1,-0.813769,-4008.01,1.16702,0.596952,0.25536
3920000,1,-0.229074,-4014.64,0.488701,0.558148,0.27085
3930000,1,-0.167192,-4011.27,0.430445,0.610374,0.2596
3940000,2,-1.20864,-3999.78,1.84378,0.584283,0.25375
3950000,1,-0.344979,-4008.67,0.752386,0.587477,0.25645
3960000,3,-2.40214,-4005.2,2.01507,0.594546,0.2597
3970000,2,-1.87032,-4009.34,0.817328,0.613387,0.2589
3980000,1,-0.268035,-4009.07,0.60983,0.593079,0.258775
3990000,1,-0.535616,-4008.26,0.872064,0.588249,0.2521
4000000,1,0.0927296,-4007.43,0.230846,0.585186,0.254767
4010000,1,-1.18833,-4010.9,1.46473,0.593608,0.2576
4020000,2,-1.32979,-4005.21,1.1578,0.578457,0.26015
4030000,4,-1.36721,-3998.03,2.20785,0.572202,0.26225
4040000,4,-2.77884,-4005.82,2.89032,0.581743,0.2609
4050000,1,-0.113532,-4011.99,0.421174,0.628783,0.2665
4060000,1,-0.108174,-4010.06,0.391173,0.558768,0.2551
4070000,1,-0.252823,-4008.04,0.657864,0.591596,0.25112
4080000,2,-2.74958,-4012.72,1.30563,0.616812,0.2647
4090000,2,-1.91493,-4008.98,2.61789,0.587544,0.2844
4100000,4,-1.65877,-4001.04,1.38643,0.607067,0.25895
4110000,1,-0.132473,-4010.42,0.53133,0.596186,0.2729
4120000,2,-2.72988,-4010.74,2.26359,0.556595,0.258433
4130000,3,-2.95505,-3999.82,2.18681,0.579113,0.2569
4140000,2,-1.3807,-4011.3,2.13641,0.588471,0.2546
4150000,2,-2.40098,-4004.54,2.23023,0.603227,0.260225
4160000,3,-1.08999,-4002.05,1.30591,0.578311,0.2608
4170000,1,-0.353997,-4010.92,0.749739,0.566557,0.2592
4180000,1,-0.536618,-4008.5,0.896744,0.613723,0.2616
4190000,1,-1.61379,-4010.76,1.89455,0.577998,0.269
4200000,2,-0.740064,-4000.44,1.42503,0.583776,0.2533
4210000,1,-1.68493,-4014.17,2.04015,0.639857,0.255675
4220000,1,-0.217138,-4009.07,0.6049,0.600754,0.2573
4230000,1,-1.28082,-4007.99,1.60139,0.574503,0.2532
4240000,2,-0.654997,-4006.86,0.642765,0.570422,0.256067
4250000,2,0.497461,-4001.73,0.212393,0.569491,0.2604
4260000,1,-1.46792,-4010.34,1.85452,0.597431,0.2467
4270000,3,-1.92467,-4001.62,2.29948,0.578789,0.258825
4280000,1,0.0561376,-4009.14,0.222656,0.594324,0.2444
4290000,2,-0.0670385,-4002.83,0.666111,0.57241,0.2591
4300000,1,0.0174283,-4009.71,0.341187,0.571187,0.2658
4310000,1,-0.833118,-4008.66,1.17468,0.569622,0.2613
4320000,1,-0.507047,-4007.66,0.849513,0.60067,0.2604
4330000,1,-1.32834,-4007.56,1.67861,0.595058,0.258729
4340000,1,0.0920193,-4008.78,0.33615,0.587364,0.2555
4350000,1,-0.312272,-4008.65,0.649,0.571849,0.258967
4360000,1,0.329182,-4007.74,0.0553855,0.602217,0.2548
4370000,1,-0.201131,-4008.73,0.582577,0.592109,0.2588
4380000,1,-0.553755,-4008.87,0.95383,0.583471,0.257475
4390000,1,-0.696792,-4008.07,1.02386,0.596126,0.26695
4400000,1,-0.0185358,-4008.55,0.388521,0.601113,0.247
4410000,2,0.309236,-4001.78,0.367209,0.602153,0.255933
4420000,2,-0.716875,-4000.84,1.29127,0.582663,0.2537
4430000,1,0.120665,-4007.07,0.208302,0.586552,0.2633
4440000,1,-1.27467,-4007.55,1.5948,0.594937,0.2557
4450000,1,-1.19619,-4017.42,1.52568,0.58616,0.259433
4460000,1,-0.0528005,-4011.7,0.378813,0.565456,0.2553
4470000,2,-3.10655,-4020.3,3.16544,0.572743,0.235067
4480000,1,-0.618474,-4009.77,0.903535,0.600452,0.247
4490000,2,-0.361411,-4005.1,1.04718,0.603586,0.2626
4500000,1,-0.145111,-4009.65,0.478473,0.56334,0.2625
4510000,3,-1.87563,-4009.41,1.66348,0.603724,0.2584
4520000,2,-1.29703,-4006.38,1.00158,0.577483,0.2758
4530000,2,-1.23707,-4008.22,0.771334,0.598774,0.2808
4540000,1,0.114815,-4008.11,0.206817,0.580955,0.26464
4550000,1,-0.285384,-4010.37,0.632539,0.55352,0.2627
4560000,1,-0.778187,-4010.19,1.16728,0.595655,0.25665
4570000,1,-0.0126964,-4012.3,0.351302,0.590138,0.2731
4580000,1,0.0579717,-4009.7,0.297536,0.593216,0.2645
4590000,1,-0.968088,-4009.46,1.36028,0.571609,0.262
4600000,0,-0.0535476,-4024.12,0.0535476,0.569366,0.2392
4610000,1,-1.89311,-4009.25,2.18371,0.591389,0.26815
4620000,2,-0.539645,-4005.69,1.2684,0.615008,0.2627
4630000,1,-0.308196,-4010.62,0.698704,0.599465,0.2511
4640000,2,-0.430816,-4004.31,0.974834,0.605693,0.2514
4650000,2,-0.326054,-4001.07,0.965727,0.591476,0.2505
4660000,1,0.0881152,-4008.66,0.27152,0.580408,0.2622
4670000,1,-1.49833,-4008.41,1.84271,0.585637,0.2683
4680000,2,-1.74856,-4010.63,1.38802,0.590338,0.2664
4690000,3,0.128991,-4000.54,0.781685,0.590723,0.2532
4700000,1,-1.02428,-4010.31,1.33513,0.597223,0.260671
4710000,1,-0.422223,-4012.47,0.83133,0.561005,0.2574
4720000,1,-1.73254,-4008.48,2.05775,0.580618,0.2655
4730000,2,-1.23115,-4002.93,1.96499,0.593121,0.2712
4740000,2,-0.555078,-4004.64,1.19368,0.572035,0.234475
4750000,1,-0.186122,-4009.12,0.543582,0.606542,0.2642
4760000,1,0.0188401,-4007.19,0.311072,0.588701,0.2644
4770000,3,-0.779556,-4002.73,1.30654,0.58555,0.25485
4780000,2,-0.321255,-4007.22,0.703753,0.57842,0.2639
4790000,1,-0.102792,-4008.28,0.461646,0.605353,0.257
4800000,1,-1.43165,-4011.18,1.8149,0.571055,0.263525
4810000,2,-0.0211824,-4001.81,0.775814,0.58945,0.26005
4820000,1,-0.75896,-4009.03,1.06303,0.577583,0.2528
4830000,1,-1.19502,-4008.4,1.56428,0.583509,0.2564
4840000,2,0.00780851,-4001.12,0.607854,0.576052,0.2668
4850000,3,-3.5829,-4004.49,2.37082,0.584027,0.2769
4860000,2,0.192942,-4003.69,0.436581,0.558324,0.2379
4870000,1,-1.30116,-4012.84,1.59871,0.584546,0.25748
4880000,1,-3.34188,-4009.5,3.72188,0.602372,0.2558
4890000,1,-0.191308,-4010.8,0.508772,0.570978,0.2721
4900000,0,-0.139398,-4025.17,0.139398,0.588198,0.257875
4910000,1,0.182185,-4009.01,0.119309,0.582617,0.2474
4920000,2,-1.58741,-4003.64,2.18339,0.576734,0.245867
4930000,3,-2.93421,-3999.62,3.09113,0.590274,0.268
4940000,1,-0.506087,-4009.62,0.908903,0.587484,0.2628
4950000,2,-1.00267,-4000.65,1.64691,0.575451,0.2566
4960000,2,-2.79868,-4007.48,3.20769,0.595148,0.25548
4970000,2,0.32013,-4001.14,0.329207,0.593127,0.2459
4980000,1,-1.22741,-4011.67,1.49834,0.58928,0.25935
4990000,3,-1.16421,-4004.45,2.02388,0.578246,0.2517
5000000,1,-0.272356,-4009.12,0.560647,0.586856,0.258
5010000,2,-2.91128,-4005.52,3.50857,0.569114,0.255
5020000,3,-1.85065,-4000.48,1.98129,0.5808,0.2596
5030000,1,-1.07354,-4010.84,1.34477,0.578683,0.2659
5040000,1,-0.26235,-4009.91,0.582856,0.61487,0.26235
5050000,3,-2.79035,-3997.42,2.80306,0.574377,0.2598
5060000,2,-2.85848,-4008.99,3.40187,0.602332,0.25525
5070000,1,0.214476,-4008.78,0.123347,0.57464,0.2557
5080000,1,-1.46339,-4008.17,1.82587,0.592064,0.2598
5090000,1,-0.389458,-4012.19,0.741283,0.597402,0.2627
5100000,1,0.21156,-4010,0.201807,0.567439,0.2615
5110000,2,-1.66876,-4006.02,2.29699,0.582618,0.257
5120000,1,-0.839669,-4008.18,1.2231,0.585366,0.256671
5130000,1,-0.645154,-4010.51,1.0178,0.623098,0.2505
5140000,0,-0.469366,-4024.79,0.469366,0.601799,0.2299
5150000,3,-0.630468,-4007.46,1.02545,0.586941,0.2455
5160000,1,-0.202333,-4008.91,0.521488,0.599817,0.254333
5170000,2,-0.969843,-4003.57,1.51505,0.56209,0.2574
5180000,1,-0.165518,-4009.44,0.511454,0.602236,0.26445
5190000,1,-0.0421713,-4010.57,0.391743,0.596165,0.2586
5200000,1,-3.18507,-4009.04,3.5589,0.604911,0.2605
5210000,2,-0.782983,-4007.66,1.21281,0.600002,0.2605
5220000,1,-0.970643,-4009.45,1.37405,0.603226,0.25994
5230000,2,-1.00747,-4003.61,1.60237,0.59898,0.2632
5240000,3,-4.99849,-4011.65,3.53766,0.572085,0.262067
5250000,1,-0.976863,-4009.75,1.25428,0.591913,0.2602
5260000,1,-0.670725,-4008.56,1.02476,0.577396,0.258467
5270000,2,-1.60833,-4001.26,2.20657,0.589963,0.2701
5280000,2,-4.39072,-4006.84,5.07716,0.600556,0.258867
5290000,2,-1.57491,-4007.91,1.23736,0.610904,0.2549
5300000,5,-7.5559,-4008.12,6.67562,0.589522,0.2557
5310000,1,-0.113917,-4007.8,0.430619,0.581572,0.25785
5320000,1,-0.0610011,-4008.77,0.348788,0.587763,0.2605
5330000,1,0.0910672,-4007.07,0.273071,0.576832,0.2521
5340000,2,-1.93575,-3999.76,2.57676,0.59736,0.2457
5350000,3,-2.55861,-4003.44,2.77932,0.583837,0.257275
5360000,4,-1.87367,-4005.24,1.96993,0.572223,0.2533
5370000,1,0.0380027,-4007.43,0.320028,0.596577,0.2564
5380000,1,0.0932588,-4009.53,0.26642,0.592118,0.2549
5390000,1,-1.30651,-4010.68,1.72441,0.589406,0.259
5400000,1,-0.109091,-4009.55,0.424605,0.612837,0.2709
5410000,1,0.118433,-4009.07,0.239046,0.596476,0.263167
5420000,1,-0.52373,-4007.66,0.893392,0.567982,0.2521
5430000,1,-0.186692,-4017.09,0.508123,0.581648,0.2536
5440000,1,-2.75383,-4010.4,3.08612,0.592064,0.258525
5450000,1,-0.578709,-4008.77,0.875383,0.575718,0.2497
5460000,2,-1.24012,-4003.73,1.82527,0.57731,0.2714
5470000,2,-1.19238,-4006.13,1.25924,0.578315,0.2577
5480000,5,-2.74389,-4000.49,2.50835,0.570242,0.2631
5490000,1,-0.016089,-4011.29,0.274322,0.599353,0.26845
5500000,2,-0.923333,-4002.31,1.56738,0.582182,0.2687
5510000,1,-0.426348,-4008.28,0.757596,0.589848,0.2631
5520000,1,0.085016,-4008.9,0.296665,0.589613,0.2635
5530000,3,-1.61875,-4006.46,0.61152,0.558028,0.2485
5540000,2,-2.45888,-4007.74,2.22731,0.574652,0.262
5550000,4,-1.505,-3999.37,1.93974,0.591826,0.2725
5560000,2,-0.882199,-4005.28,0.580504,0.585839,0.2561
5570000,1,-0.409812,-4007.51,0.772093,0.579866,0.260075
5580000,1,-1.29392,-4009.34,1.60603,0.588405,0.25525
5590000,1,-0.963411,-4012.32,1.36098,0.603927,0.2643
5600000,2,-0.355006,-4009.22,0.673661,0.588965,0.259367
5610000,1,-0.894608,-4009.29,1.24192,0.584299,0.2569
5620000,1,-0.483316,-4011.21,0.791135,0.556215,0.26265
5630000,2,-0.472104,-4003.74,1.1268,0.568494,0.27015
5640000,1,0.0520535,-4008.62,0.340267,0.594423,0.2666
5650000,2,-2.13437,-4008.97,1.94153,0.560793,0.2689
5660000,1,-0.0397184,-4008.17,0.419334,0.58477,0.265
5670000,1,-0.829057,-4008.68,1.21911,0.59419,0.26514
5680000,1,-0.130718,-4009.06,0.477259,0.589759,0.2553
5690000,2,-3.18786,-4007.73,2.24277,0.599833,0.258133
5700000,2,-1.16838,-4007.98,1.6907,0.572671,0.25705
5710000,2,-1.43309,-4004.7,1.97301,0.583028,0.2616
5720000,2,-1.28051,-4006.04,1.02311,0.593363,0.264467
5730000,1,-0.662552,-4010.83,0.949273,0.560166,0.2604
5740000,1,-0.369466,-4008.37,0.692318,0.591674,0.2498
5750000,1,-0.0432801,-4008.61,0.392915,0.570851,0.2553
5760000,2,-0.136842,-4001.86,0.801895,0.568526,0.2513
5770000,1,-0.148019,-4010.39,0.422699,0.577526,0.25315
5780000,2,0.00882056,-4002.02,0.691247,0.60003,0.2541
5790000,1,-0.379422,-4010.85,0.75013,0.614426,0.2622
5800000,3,-1.33486,-4004.37,1.65851,0.607347,0.2652
5810000,3,-3.84652,-3999.86,3.62141,0.578159,0.25548
5820000,1,-0.245796,-4012.48,0.57645,0.5885,0.2554
5830000,2,-0.66752,-4002.65,1.38398,0.593445,0.259933
5840000,2,-1.8202,-4007.26,1.77717,0.586241,0.264
5850000,2,-1.20253,-4005.45,1.69113,0.561875,0.2561
5860000,1,-0.369336,-4007.79,0.718749,0.57247,0.2661
5870000,2,-2.23112,-4001.17,2.84787,0.578112,0.267933
5880000,1,-0.264738,-4012.33,0.661539,0.621606,0.2662
5890000,2,-1.63713,-4005.51,2.20555,0.574217,0.261
5900000,2,-2.31183,-4001.87,2.93474,0.583702,0.2587
5910000,2,-0.906884,-4004.07,1.59241,0.582176,0.2562
5920000,1,-0.537587,-4010.95,0.858842,0.591996,0.260917
5930000,1,-2.44662,-4010.06,2.86702,0.575687,0.2614
5940000,2,-0.122116,-3999.02,0.769648,0.578861,0.2617
5950000,4,-3.80675,-4000.78,2.3451,0.579793,0.2664
5960000,1,0.00202217,-4010.36,0.346437,0.61183,0.255833
5970000,1,-0.0378547,-4011.33,0.44918,0.58461,0.25695
5980000,1,-0.0773028,-4011.68,0.356199,0.583642,0.2565
5990000,1,-2.3751,-4008.97,2.68288,0.568366,0.2603
6000000,1,-0.348041,-4007.56,0.730894,0.584665,0.2602
6010000,2,-2.57692,-4005.67,2.12415,0.582807,0.2569
6020000,1,-1.40685,-4016.73,1.6027,0.559665,0.255783
6030000,1,-0.171912,-4014.41,0.590508,0.571862,0.2584
6040000,1,-1.40029,-4008.63,1.72398,0.580149,0.2517
6050000,2,-1.27157,-4013.17,0.647324,0.610309,0.260775
6060000,2,-2.29944,-4002.07,2.93398,0.577656,0.2611
6070000,2,-0.687153,-4003.61,1.52124,0.57824,0.2566
6080000,1,-0.298791,-4009.3,0.681872,0.59212,0.258267
6090000,3,-0.0443954,-4008.35,0.931116,0.578164,0.2857
6100000,2,-2.19942,-4008.89,2.34582,0.586703,0.273967
6110000,1,-1.92416,-4008.41,2.28752,0.572205,0.2754
6120000,1,-0.28733,-4007.59,0.59352,0.585909,0.2642
6130000,1,-0.935463,-4007.39,1.2624,0.580686,0.2564
6140000,1,-0.705083,-4009.37,1.0881,0.583106,0.2492
6150000,1,0.244334,-4011.52,0.167454,0.591582,0.2604
6160000,1,-0.333854,-4013.85,0.563684,0.576445,0.257786
6170000,1,-1.32235,-4009.94,1.64363,0.56172,0.2583
6180000,4,-5.22637,-4002.06,4.67479,0.57162,0.2533
6190000,2,-2.5364,-4005.76,1.98072,0.602098,0.2518
6200000,1,-0.448586,-4010.03,0.772779,0.604381,0.25948
6210000,1,-0.619058,-4010.65,0.942563,0.57964,0.26695
6220000,1,-0.467168,-4009.93,0.826402,0.60893,0.265
6230000,3,-0.764425,-4008.29,0.967946,0.564841,0.27
6240000,1,-0.826813,-4009.66,1.16332,0.556448,0.2623
6250000,2,-0.313023,-4006.38,1.00306,0.620611,0.2534
6260000,1,-0.273498,-4009.65,0.619448,0.569111,0.2576
6270000,1,0.0950796,-4011.64,0.181653,0.560428,0.2629
6280000,1,-0.164912,-4008.8,0.487412,0.572369,0.245867
6290000,2,-0.355611,-4003.27,1.07756,0.596333,0.2529
6300000,3,-2.65238,-4004.21,3.43933,0.57085,0.2535
6310000,2,-2.33945,-4007.24,1.8392,0.587803,0.2637
6320000,2,-1.40717,-4001.29,2.0964,0.58786,0.2608
6330000,2,-0.554731,-4003.3,1.04538,0.595024,0.2639
6340000,4,-0.585806,-3999.7,1.27705,0.555787,0.265
6350000,2,0.0923595,-4006.16,0.5371,0.576079,0.26545
6360000,2,-1.01679,-4007.74,1.36264,0.584161,0.26085
6370000,1,0.227395,-4008.35,0.0708234,0.568096,0.259
6380000,4,-4.34578,-4000.49,4.08824,0.602951,0.2576
6390000,1,-0.666981,-4007.86,1.00683,0.580844,0.2566
6400000,2,-0.952958,-4005.97,1.57197,0.567,0.2536
6410000,3,-1.68767,-3998.37,2.25256,0.58771,0.253933
6420000,4,-1.56303,-3999.35,1.96749,0.586537,0.2522
6430000,1,-0.00764532,-4009.67,0.341402,0.564442,0.2584
6440000,1,-0.109599,-4009.77,0.417228,0.563943,0.2541
6450000,1,-0.117863,-4010.41,0.497055,0.583761,0.2556
6460000,1,-0.857971,-4008.81,1.22728,0.569688,0.2536
6470000,1,-0.313627,-4008.59,0.664907,0.59987,0.256
6480000,1,-0.33496,-4009.74,0.674713,0.556727,0.258
6490000,2,-0.150465,-4002.32,0.750592,0.573842,0.2607
6500000,1,-0.614007,-4012.56,0.852147,0.594293,0.256967
6510000,1,-0.755976,-4026.2,1.06509,0.592742,0.2532
6520000,0,-0.644152,-4025.77,0.644152,0.583062,0.2216
6530000,3,-3.4615,-4009.59,1.95508,0.605849,0.2416
6540000,3,-2.3812,-4003.91,3.16113,0.572159,0.2678
6550000,2,-3.69485,-4001.97,4.38927,0.597601,0.2624
6560000,1,-0.53447,-4013.37,0.758736,0.614953,0.259225
6570000,1,-1.67365,-4010.28,1.996,0.606665,0.2542
6580000,1,-1.24703,-4009.98,1.55702,0.569234,0.2544
6590000,1,-1.45263,-4009.82,1.77626,0.597845,0.2603
6600000,1,-0.995715,-4009.3,1.38322,0.591613,0.254133
6610000,1,-0.727732,-4014.62,1.02628,0.587796,0.25725
6620000,1,-1.32939,-4009.73,1.67561,0.577535,0.2607
6630000,1,0.0528015,-4008,0.342724,0.592828,0.2456
6640000,1,-0.29164,-4009.77,0.68198,0.599099,0.266025
6650000,3,-1.27941,-3999.3,2.19329,0.58534,0.2501
6660000,3,-0.482894,-4001.01,1.11135,0.573781,0.258
6670000,2,-1.06164,-4004.04,1.69272,0.607973,0.25925
6680000,2,-0.546882,-4002.24,1.22881,0.600987,0.2549
6690000,2,-2.10165,-4003.17,2.85286,0.576898,0.2523
6700000,2,-3.72312,-4003.69,4.26226,0.56958,0.260167
6710000,2,-2.13543,-4003.5,2.68848,0.56832,0.264
6720000,1,-0.238517,-4012.5,0.630246,0.614618,0.2517
6730000,1,-0.674501,-4010.64,1.05621,0.564612,0.2665
6740000,2,-1.6312,-4009.76,1.878,0.554449,0.2589
6750000,2,-1.39591,-4008.01,1.55513,0.603063,0.265
6760000,2,-1.67411,-4004.04,2.38146,0.597974,0.2591
6770000,2,-3.44546,-4008.72,2.56531,0.577454,0.255
6780000,2,-0.641055,-4004.32,1.42603,0.565778,0.2636
6790000,1,-1.63082,-4012.93,1.87026,0.590639,0.25375
6800000,1,-0.842815,-4012.01,1.17617,0.562465,0.2476
6810000,2,-0.243705,-4004.72,0.847797,0.568749,0.2479
6820000,1,-1.50726,-4009.64,1.91011,0.576665,0.26385
6830000,1,-0.639288,-4012.25,0.917739,0.55956,0.2515
6840000,1,-0.676022,-4010.56,1.01698,0.574475,0.269
6850000,1,-0.477239,-4009.83,0.826279,0.563942,0.2559
6860000,2,-2.16052,-4007.46,1.57065,0.568148,0.2596
6870000,3,-2.03309,-3996.56,2.19938,0.569053,0.261
6880000,2,-1.16105,-4007.62,1.5152,0.596279,0.258729
6890000,1,-0.300185,-4009.52,0.643157,0.582272,0.2441
6900000,1,-1.25996,-4011.41,1.52344,0.588282,0.2653
6910000,2,-0.811434,-4002.49,1.5131,0.585581,0.25475
6920000,3,-2.01075,-4001.91,2.12245,0.602504,0.2594
6930000,1,-0.432406,-4007.1,0.81786,0.581847,0.267367
6940000,2,-0.568495,-4006.25,1.04282,0.555731,0.26065
6950000,3,-1.29642,-4005.29,1.52498,0.579106,0.2622
6960000,2,-0.358303,-4007.67,0.760681,0.581804,0.2589
6970000,1,-1.48631,-4009.02,1.81262,0.588974,0.2565
6980000,2,-0.395586,-4007.72,0.871088,0.578953,0.2602
6990000,2,-1.39005,-4001.64,2.00843,0.590753,0.2613
7000000,2,-1.40863,-4004.75,2.03246,0.587495,0.2457
7010000,3,-1.96835,-4004.6,1.6492,0.580884,0.2595
7020000,0,-0.187449,-4023.42,0.187449,0.585466,0.229625
7030000,1,-0.792841,-4010.57,1.13265,0.596502,0.2554
7040000,3,-0.812057,-4000.54,1.24635,0.568275,0.247
7050000,1,-0.201432,-4010.78,0.507143,0.595895,0.27
7060000,2,0.102632,-4004.78,0.389703,0.579602,0.232225
7070000,1,-1.49269,-4009.11,1.7869,0.596923,0.2632
7080000,2,-0.135672,-4003.12,0.706557,0.584731,0.2667
7090000,2,-2.35891,-4004.77,2.87598,0.572223,0.2501
7100000,2,-1.05831,-4006.45,1.38651,0.60389,0.2626
7110000,2,-0.71331,-4009.01,0.572804,0.602791,0.2597
7120000,1,-0.800853,-4008.03,1.16989,0.581002,0.262714
7130000,1,-0.861517,-4008.75,1.18776,0.581735,0.2543
7140000,1,-0.943525,-4012.11,1.23595,0.611194,0.261167
7150000,1,-0.655576,-4009.25,0.981019,0.597652,0.26885
7160000,2,-1.25477,-4008.31,1.76052,0.558457,0.269
7170000,1,-1.26064,-4011.18,1.69092,0.583382,0.2533
7180000,1,-0.352849,-4008.15,0.702559,0.577064,0.257625
7190000,1,-0.0212374,-4007.67,0.406129,0.569986,0.2518
7200000,1,-1.80667,-4008.54,2.17622,0.591063,0.259733
7210000,1,-0.807414,-4011.85,1.21579,0.59865,0.2627
7220000,1,-0.6689,-4012.35,0.968453,0.602658,0.2679
7230000,1,-1.50579,-4007.32,1.89746,0.584301,0.2615
7240000,1,-0.214398,-4010.72,0.496092,0.606888,0.2605
7250000,3,-1.23024,-4005.72,1.08028,0.584219,0.2517
7260000,1,-0.936958,-4009.68,1.32969,0.592144,0.2658
7270000,1,-0.607438,-4009.93,0.874368,0.578611,0.257033
7280000,3,-1.18483,-4007.14,2.01892,0.606305,0.2583
7290000,1,-0.798952,-4009.96,1.12303,0.571161,0.2585
7300000,1,-0.0864551,-4015.93,0.376755,0.588291,0.2628
7310000,1,-1.48601,-4009.81,1.84967,0.582834,0.2592
7320000,2,-1.95759,-4002.57,2.55532,0.553541,0.257067
7330000,2,-0.91352,-4006.55,1.54912,0.5952,0.27125
7340000,1,0.252369,-4008.83,0.0639709,0.570626,0.25505
7350000,2,-1.49969,-4005.47,2.06053,0.559913,0.2651
7360000,2,-0.0671802,-4005.53,0.649357,0.591392,0.2598
7370000,1,-1.17708,-4009.21,1.47531,0.607994,0.2601
7380000,1,-0.821765,-4008.93,1.1651,0.596488,0.257675
7390000,2,-2.903,-4005.17,2.88119,0.576547,0.25695
7400000,2,-1.94417,-4003.61,2.53812,0.572643,0.2612
7410000,2,-0.503733,-4002.5,1.08014,0.573383,0.2703
7420000,2,-2.07176,-4004.37,2.82278,0.592808,0.248
7430000,1,-0.282907,-4011.7,0.520789,0.590621,0.26044
7440000,2,0.233805,-4005.37,0.276675,0.576432,0.2646
7450000,2,-0.672543,-4003.33,1.33569,0.624259,0.250467
7460000,2,-1.07379,-4007.19,1.71526,0.594776,0.2527
7470000,1,-2.57313,-4007.82,2.96077,0.599136,0.2625
7480000,4,-1.01561,-3998.56,1.00499,0.562429,0.2524
7490000,0,-0.0259861,-4023.94,0.0259861,0.580072,0.24832
7500000,1,-0.974871,-4009.55,1.32192,0.562584,0.2607
7510000,2,-1.13113,-4007.71,1.22939,0.59602,0.25065
7520000,2,-1.75879,-4013.03,2.27431,0.567712,0.2333
7530000,2,-1.86359,-4006.17,2.33047,0.582182,0.2592
7540000,1,-1.71826,-4022.29,0.863168,0.601282,0.2265
7550000,2,-0.860817,-4007.06,1.35143,0.586841,0.26385
7560000,2,-0.880415,-4001.77,1.58268,0.588525,0.27025
7570000,2,-0.54548,-4007.04,1.03564,0.563176,0.26825
7580000,1,-0.559068,-4009.1,0.877445,0.61189,0.2602
7590000,1,-0.327271,-4009.93,0.70177,0.575992,0.2605
7600000,1,0.0980133,-4009.6,0.206408,0.587046,0.2585
7610000,1,-0.612984,-4008.74,0.919734,0.605345,0.257533
7620000,1,0.22005,-4010.61,0.0952515,0.603547,0.2563
7630000,2,-0.277877,-4002,0.907776,0.601135,0.234733
7640000,1,-1.48781,-4008.48,1.88677,0.579484,0.2491
7650000,5,-4.98946,-4006.63,2.40132,0.561243,0.257333
7660000,1,-1.24521,-4009.63,1.61412,0.583493,0.2707
7670000,2,-1.27622,-4004.96,1.97242,0.570003,0.2613
7680000,3,-1.06422,-4002.42,1.02911,0.587237,0.2529
7690000,1,0.15287,-4009.06,0.194019,0.607289,0.2516
7700000,1,-1.56639,-4008.66,1.87851,0.573764,0.2604
7710000,1,-0.952331,-4014.72,1.25649,0.566281,0.267
7720000,2,-1.35566,-4002.31,1.96884,0.587294,0.25935
7730000,2,-0.323723,-4007.66,0.904452,0.572237,0.24585
7740000,3,-1.40368,-3997.28,1.51017,0.582539,0.2486
7750000,2,-0.143045,-4005.32,0.620614,0.557027,0.26165
7760000,3,-0.860095,-4008.6,0.865117,0.590126,0.25685
7770000,2,-1.82147,-4005.28,2.46619,0.601812,0.25865
7780000,1,-1.03615,-4010.08,1.39608,0.591542,0.2474
7790000,2,-0.51618,-4005.32,1.27647,0.573565,0.2727
7800000,1,-0.76441,-4009.35,1.17377,0.565897,0.2609
7810000,1,-0.575112,-4010.85,0.974515,0.579668,0.26104
7820000,1,-1.33778,-4009.68,1.71496,0.556728,0.2582
7830000,1,-1.05594,-4008.05,1.37778,0.580639,0.258733
7840000,1,-3.64601,-4012.13,3.95789,0.574865,0.2673
7850000,2,-1.99874,-4006.07,2.43687,0.589656,0.2582
7860000,2,0.14172,-4000.48,0.564175,0.595734,0.2642
7870000,1,-0.211564,-4009.34,0.505331,0.598616,0.2392
7880000,1,-0.19883,-4008.86,0.596513,0.60004,0.237733
7890000,1,-0.603867,-4010.99,0.943286,0.606303,0.2588
7900000,1,-0.485035,-4010.43,0.771174,0.583727,0.2577
7910000,2,-2.10065,-4008,1.99876,0.580508,0.2681
7920000,1,-0.0104361,-4008.2,0.322413,0.598,0.2635
7930000,1,-0.66301,-4010.66,1.02702,0.584885,0.26255
7940000,1,-0.440171,-4011.46,0.776679,0.5737,0.2668
7950000,1,-0.304936,-4010.31,0.606499,0.575094,0.2494
7960000,1,-1.71153,-4009.06,2.07658,0.587552,0.261475
7970000,1,-0.403012,-4009.05,0.683288,0.585077,0.2553
7980000,2,0.374885,-4002.77,0.27969,0.582835,0.2607
7990000,1,-0.406017,-4010.67,0.722559,0.590005,0.2574
8000000,1,-1.15091,-4009.57,1.49368,0.602964,0.26208
8010000,2,-1.27929,-4002.76,1.81011,0.575881,0.266
8020000,2,-0.594911,-4004.32,1.23716,0.583452,0.2448
8030000,1,-1.2204,-4008.68,1.53219,0.599683,0.262925
8040000,1,-0.371143,-4012.03,0.660616,0.559687,0.2559
8050000,2,-2.15564,-4007.05,2.17756,0.574331,0.258067
8060000,1,-1.34222,-4014.23,1.69995,0.554768,0.2676
8070000,3,-0.969638,-3999.61,1.46025,0.598013,0.262467
8080000,2,-1.43927,-4006.16,1.60103,0.590868,0.2652
8090000,2,-4.10215,-4009.99,4.38923,0.592514,0.264867
8100000,1,-0.0520748,-4009.1,0.440147,0.57969,0.2645
8110000,2,-3.26203,-4008.03,3.86078,0.582292,0.25895
8120000,1,-0.463468,-4009.23,0.780092,0.611921,0.2618
8130000,1,-0.898261,-4013.31,1.1623,0.573427,0.2588
8140000,1,-0.322081,-4007.82,0.617841,0.589426,0.2602
8150000,2,0.429155,-4005.91,0.170533,0.595958,0.25212
8160000,3,-2.29279,-4007.54,2.55175,0.62469,0.26575
8170000,2,-0.314703,-4009.17,0.330404,0.596198,0.2507
8180000,1,-1.25363,-4008.99,1.63346,0.616545,0.2656
8190000,1,-0.810185,-4009.8,1.19229,0.589562,0.2512
8200000,1,-1.09407,-4010.08,1.46334,0.612166,0.2512
8210000,1,-0.376633,-4012.11,0.614003,0.606518,0.2561
8220000,2,-0.0114396,-4007.05,0.611834,0.601319,0.2578
8230000,1,-1.7335,-4008.95,2.14117,0.611055,0.2514
8240000,2,-3.22127,-4007.04,1.30782,0.596317,0.25812
8250000,1,-0.683765,-4011.31,0.913341,0.588906,0.2609
8260000,1,-1.11156,-4009.59,1.50864,0.619861,0.25485
8270000,1,-0.252189,-4009.81,0.525348,0.596792,0.2627
8280000,1,-0.38808,-4007.62,0.698395,0.581995,0.26445
8290000,2,0.301029,-4005.92,0.370125,0.563649,0.2696
8300000,1,-1.04564,-4016.52,1.22661,0.585453,0.2635
8310000,2,-0.366518,-4005.8,0.880594,0.605076,0.2669
8320000,1,-0.292566,-4008.63,0.673124,0.580128,0.2601
8330000,1,-0.629235,-4008.74,0.980496,0.581338,0.2538
8340000,1,-1.82758,-4008.07,2.15503,0.569654,0.264683
8350000,1,-0.16277,-4017.3,0.446121,0.605053,0.2605
8360000,2,-2.63625,-4004.33,3.33132,0.580243,0.256467
8370000,1,-0.264535,-4011.91,0.602636,0.617112,0.2604
8380000,2,-1.41391,-4001.56,2.02175,0.607356,0.2546
8390000,1,0.11896,-4009.98,0.197138,0.592409,0.264
8400000,1,-2.23697,-4008.07,2.56869,0.592962,0.2509
8410000,1,-1.42222,-4010.16,1.82361,0.571131,0.2611
8420000,2,-1.9577,-4010.02,2.04119,0.557889,0.2608
8430000,1,-0.255204,-4010.86,0.542579,0.560282,0.2544
8440000,2,-1.9669,-4004.01,2.68763,0.600698,0.2551
8450000,2,-0.864568,-4003.65,1.46215,0.581055,0.2667
8460000,2,-0.314973,-4002.22,0.904126,0.594012,0.2463
8470000,1,-2.1726,-4008.97,2.53221,0.574237,0.2583
8480000,1,-0.5751,-4009.84,0.875577,0.594008,0.2711
8490000,1,-1.10039,-4010.22,1.37114,0.581786,0.2548
8500000,2,-0.846276,-4004.8,1.48145,0.578421,0.2432
8510000,2,-2.21579,-4009.92,1.53162,0.564431,0.2538
8520000,4,-2.83725,-3997.23,2.92622,0.58255,0.255333
8530000,1,-0.756254,-4009.77,1.08453,0.601464,0.2465
8540000,1,-0.333728,-4010.03,0.663624,0.600919,0.2526
8550000,2,-2.3385,-4003.26,2.86482,0.589492,0.2587
8560000,3,-0.20403,-4003.48,0.911203,0.577399,0.2643
8570000,1,-3.02577,-4009.26,3.35561,0.577209,0.2651
8580000,3,-1.35971,-4002.05,1.73315,0.610213,0.2569
8590000,1,0.0159776,-4009.03,0.290795,0.589222,0.2596
8600000,2,-1.08656,-4009.39,0.778068,0.575885,0.26505
8610000,2,0.151495,-4004.66,0.434749,0.622799,0.2678
8620000,2,-1.23666,-4006.63,1.37494,0.588347,0.2595
8630000,3,-2.2805,-4001.05,2.69174,0.5943,0.26855
8640000,1,-1.95777,-4011.22,2.29411,0.582719,0.2624
8650000,1,-1.57274,-4007.34,1.92616,0.594646,0.2587
8660000,1,-0.49955,-4010.77,0.851488,0.559748,0.2685
8670000,1,-0.516244,-4010.86,0.931451,0.569731,0.2602
8680000,2,-2.68475,-4004.07,3.18516,0.600668,0.25725
8690000,2,-0.136228,-4006.38,0.777387,0.603631,0.27345
8700000,1,0.0292083,-4011.24,0.257347,0.564884,0.2673
8710000,1,-0.0723438,-4008.73,0.405279,0.567186,0.2587
8720000,2,-0.397391,-4008.4,1.09719,0.590191,0.261267
8730000,1,-1.4832,-4009.05,1.85197,0.601294,0.26355
8740000,1,-0.357634,-4008.73,0.629175,0.582024,0.2716
8750000,1,-1.45239,-4008.85,1.75867,0.604016,0.2518
8760000,2,-0.329712,-4011.37,0.797129,0.607723,0.2581
8770000,1,-0.831267,-4007.74,1.18906,0.593296,0.2563
8780000,1,-2.99805,-4010.22,3.31356,0.610122,0.25735
8790000,4,-3.08823,-4004.47,1.86691,0.555884,0.2665
8800000,0,-0.053309,-4024.49,0.053309,0.566239,0.2601
8810000,1,-0.399519,-4012.67,0.826261,0.616617,0.2381
8820000,1,-0.259629,-4008.79,0.62933,0.568043,0.25854
8830000,1,-0.758211,-4008.08,1.14028,0.574038,0.2675
8840000,1,-0.707446,-4013.86,1.04164,0.623386,0.2581
8850000,1,-0.119578,-4014.64,0.453745,0.567544,0.2617
8860000,2,0.523311,-4002.99,0.126044,0.581925,0.2599
8870000,2,-0.224519,-4000.87,0.907488,0.560379,0.2441
8880000,2,-1.12241,-4004.73,1.77164,0.612234,0.2496
8890000,1,-0.943961,-4011.84,1.28631,0.600042,0.2556
8900000,1,-2.01271,-4012.12,2.33591,0.612958,0.2597
8910000,2,-1.01816,-4003.32,1.61288,0.580647,0.2643
8920000,3,-2.51964,-4004.52,0.551051,0.580214,0.2562
8930000,1,0.196908,-4010.45,0.104277,0.555355,0.2581
8940000,1,0.280021,-4010.9,0.0411843,0.620239,0.264
8950000,1,0.0291801,-4011.99,0.314808,0.597772,0.2731
8960000,2,0.0287907,-4003.52,0.655145,0.595712,0.2579
8970000,1,-0.887521,-4024.67,0.145777,0.564706,0.233
8980000,1,-0.945064,-4010.86,1.25049,0.576864,0.2617
8990000,1,-0.326744,-4017.06,0.536938,0.586409,0.2203
9000000,2,-0.736492,-4008.13,1.07797,0.604002,0.234
9010000,2,-1.26587,-4005.22,1.69268,0.596526,0.2645
9020000,1,-0.442585,-4007.71,0.81457,0.574645,0.2685
9030000,3,-1.04172,-3998.98,1.75744,0.581669,0.257933
9040000,1,-0.267579,-4012.37,0.572508,0.546228,0.2765
9050000,1,-0.64737,-4011.7,1.05114,0.568094,0.259333
9060000,2,-3.39027,-4006.84,2.43202,0.591242,0.25785
9070000,2,-0.939627,-4009.65,1.45663,0.604214,0.26415
9080000,1,-0.932891,-4009.64,1.26459,0.57323,0.26585
9090000,1,0.0582902,-4009.93,0.348047,0.602268,0.2584
9100000,1,-1.01892,-4009.87,1.31502,0.596694,0.261267
9110000,1,-0.0850089,-4009.41,0.389099,0.569828,0.2694
9120000,2,-0.246626,-4005.45,0.836457,0.606354,0.2583
9130000,2,-0.228344,-4004.73,0.900708,0.558625,0.2604
9140000,1,0.0195063,-4008.85,0.277079,0.592663,0.2629
9150000,2,-0.931922,-4003.37,1.47278,0.566396,0.243783
9160000,2,-1.9244,-4005.77,2.44122,0.580631,0.2653
9170000,2,-0.561006,-4004.7,1.05594,0.581911,0.2526
9180000,2,-0.183675,-4003.93,0.715457,0.60246,0.2646
9190000,1,-0.757728,-4009.6,1.11137,0.601717,0.25405
9200000,3,-0.281235,-3997.83,1.208,0.603913,0.2629
9210000,4,-1.30001,-3997.8,1.54966,0.593767,0.2566
9220000,2,-0.736101,-4010.04,1.15399,0.612766,0.2533
9230000,1,0.188576,-4009.15,0.128013,0.584892,0.2679
9240000,2,-1.52125,-4001.21,2.1787,0.595494,0.257425
9250000,1,-1.03556,-4011.72,1.39901,0.628856,0.2547
9260000,1,-0.910441,-4010.18,1.20211,0.574386,0.2656
9270000,3,-1.5408,-4000.68,2.46354,0.600504,0.260675
9280000,3,-2.56071,-4002.3,3.48848,0.615672,0.2668
9290000,2,-0.530088,-4003.8,1.15878,0.58326,0.264433
9300000,2,-1.38117,-4006.7,1.91511,0.551846,0.2653
9310000,2,-1.17283,-4009.03,0.733427,0.583584,0.2693
9320000,1,-0.118417,-4009.52,0.421254,0.587628,0.2623
9330000,1,-0.213404,-4009.39,0.597509,0.557347,0.2725
9340000,1,-0.261384,-4007.43,0.638679,0.58064,0.262933
9350000,1,-0.296313,-4011.61,0.56438,0.574701,0.25785
9360000,2,0.0582069,-4007.32,0.658189,0.585458,0.2612
9370000,2,-1.5289,-3999.15,2.24637,0.586568,0.26065
9380000,2,-1.11175,-4001.41,1.76981,0.575916,0.2701
9390000,2,-0.994048,-4002.95,1.60836,0.569474,0.2596
9400000,1,-0.474406,-4010.26,0.708627,0.584835,0.265
9410000,1,-0.753344,-4008.9,1.07722,0.587963,0.263033
9420000,1,-1.95528,-4007.19,2.28929,0.596221,0.26765
9430000,1,-2.3347,-4011.34,2.76124,0.585181,0.2662
9440000,1,-2.11114,-4008.84,2.43408,0.585822,0.2541
9450000,2,-0.515303,-4008.26,1.1521,0.608362,0.2558
9460000,2,-0.506356,-4009.32,1.03645,0.592393,0.260375
9470000,1,-0.624261,-4008.58,0.929137,0.590856,0.2577
9480000,2,-0.105441,-4011.01,0.523985,0.575298,0.2529
9490000,1,-0.537232,-4010.58,0.910392,0.58393,0.2556
9500000,1,-1.0759,-4012.13,1.39343,0.6028,0.26292
9510000,2,-0.0450125,-4003.99,0.627535,0.591769,0.2586
9520000,2,0.0439221,-3999.31,0.658776,0.603597,0.2456
9530000,3,-2.13949,-3999.7,1.15762,0.572776,0.2494
9540000,2,-1.56121,-4002.94,2.08969,0.582515,0.2627
9550000,1,-1.49096,-4007.86,1.82525,0.56691,0.261
9560000,2,-1.21033,-4004.88,1.7817,0.583211,0.2612
9570000,1,-1.27413,-4012.41,1.63809,0.6105,0.2607
9580000,2,-1.04512,-4010.46,1.56962,0.61387,0.2624
9590000,2,-2.66035,-4006.03,1.93601,0.603011,0.2567
9600000,1,-0.126849,-4007.73,0.436062,0.582142,0.26472
9610000,3,-0.84376,-4000.8,1.3545,0.584859,0.2623
9620000,3,-2.46593,-4000.65,1.76683,0.569501,0.263967
9630000,1,-1.29063,-4013.19,1.52004,0.565896,0.254
9640000,5,-3.82458,-4008.1,1.88897,0.544123,0.26025
9650000,3,-1.96348,-3999.46,2.91019,0.581703,0.26395
9660000,1,-1.0905,-4007,1.44888,0.581302,0.258
9670000,2,0.251061,-4008.84,0.350381,0.54434,0.268
9680000,2,-2.56452,-4007.65,2.40799,0.575452,0.2624
9690000,5,-3.03292,-4001.02,2.59019,0.574339,0.2572
9700000,2,-0.132789,-4001,0.726755,0.585276,0.2654
9710000,2,-2.97403,-4006.23,2.56508,0.584979,0.260525
9720000,2,-2.47235,-4009.23,1.39391,0.562773,0.26
9730000,3,-1.53848,-4003.71,1.50409,0.568648,0.2509
9740000,1,-1.67354,-4008.98,2.00517,0.566682,0.2628
9750000,1,-1.0919,-4008.83,1.4484,0.589357,0.2626
9760000,2,-0.756415,-4004.63,1.5086,0.582011,0.268
9770000,2,-2.21579,-4003.66,2.94912,0.591861,0.2642
9780000,2,-0.667695,-4008.93,0.29397,0.585845,0.2613
9790000,3,-0.127092,-4000.05,1.0384,0.596379,0.2617
9800000,2,-1.13652,-4008.85,1.29644,0.590129,0.2609
9810000,1,-0.565283,-4010.7,0.906195,0.553569,0.262375
9820000,1,-0.137792,-4008.44,0.499039,0.611571,0.26375
9830000,2,-0.164186,-4003.46,0.829625,0.568809,0.2668
9840000,2,-1.84158,-4004.7,2.5115,0.573648,0.266967
9850000,2,-1.14546,-4003.95,0.994744,0.577829,0.26925
9860000,2,-3.1569,-4006.4,2.5864,0.583816,0.2621
9870000,1,-4.2327,-4010.53,4.54673,0.60714,0.2556
9880000,1,-1.17657,-4011.48,1.47527,0.558421,0.26275
9890000,1,-0.322859,-4009.08,0.693112,0.586682,0.2646
9900000,2,-2.167,-4002.96,2.86863,0.574645,0.2586
9910000,2,-0.559021,-4004.01,1.2131,0.585277,0.2624
9920000,1,-0.245838,-4009.74,0.608962,0.578455,0.25505
9930000,2,-0.196579,-4002.72,0.821173,0.593721,0.2627
9940000,1,-0.264523,-4009.44,0.625572,0.585506,0.26115
9950000,2,-1.31993,-4005.28,2.02021,0.594231,0.2537
9960000,1,-0.628104,-4008.68,0.979981,0.592688,0.2501
9970000,2,-0.249737,-4002.55,0.880838,0.565236,0.2678
9980000,3,-2.40023,-4003.13,0.790785,0.569708,0.261
9990000,1,-0.220529,-4010.96,0.595264,0.558446,0.2626
