generation,N_shifts,logPrior,logLik,eventRate,preservationRate,acceptRate
0,0,-1,-9544.94,1,0.43,0
10000,1,-0.814161,-5456.26,1.19772,0.349418,0.246175
20000,1,-2.52201,-5456.8,0.858012,0.385195,0.239788
30000,1,-1.42782,-5457.99,0.826166,0.376188,0.238792
40000,3,-3.72044,-5439.16,3.42445,0.388047,0.29385
50000,4,-1.02536,-5428.65,0.812724,0.377808,0.27395
60000,2,-1.93867,-5441.2,2.75414,0.394336,0.271375
70000,3,-1.01306,-5436.71,1.26887,0.38478,0.2933
80000,4,-4.97948,-5425.88,3.94308,0.381916,0.2911
90000,4,-2.81933,-5429.22,4.33657,0.372317,0.2928
100000,5,-2.43717,-5433.97,2.86835,0.370056,0.27135
110000,3,-1.61016,-5433.22,2.65187,0.372433,0.2683
120000,7,-4.34753,-5422.8,5.0735,0.370677,0.2627
130000,3,-2.13998,-5428.16,3.35257,0.37532,0.2659
140000,3,-0.143001,-5432.49,1.31666,0.349585,0.273333
150000,4,-1.93336,-5425.75,1.30534,0.379257,0.2545
160000,4,-1.7995,-5425.12,2.70308,0.38563,0.271
170000,4,-3.14647,-5425.03,3.0358,0.392733,0.26675
180000,3,-0.480497,-5430.05,1.57114,0.381438,0.27405
190000,3,-3.18711,-5426.52,4.37644,0.365144,0.2723
200000,3,-1.27734,-5430.44,2.5092,0.379075,0.27185
210000,5,-4.68981,-5417.77,4.75161,0.386346,0.2636
220000,5,-6.32704,-5420.93,4.22399,0.384188,0.2646
230000,4,-2.03226,-5420.41,1.26709,0.368273,0.2612
240000,2,-0.098425,-5452.13,0.898125,0.369842,0.261757
250000,5,-4.46699,-5432.44,2.83103,0.371788,0.2769
260000,4,-6.00141,-5432.55,4.55752,0.379269,0.2805
270000,5,-3.50366,-5427.44,3.09221,0.384853,0.270633
280000,4,-0.432904,-5424.57,1.016,0.376224,0.2711
290000,4,-1.29929,-5427.24,1.51227,0.36538,0.2659
300000,3,-0.720664,-5429.05,1.86835,0.401575,0.2705
310000,4,-4.15308,-5424.21,3.38264,0.363314,0.2586
320000,4,-0.36075,-5427.55,1.27653,0.377206,0.2621
330000,4,-2.03168,-5430.07,3.41026,0.367463,0.2589
340000,4,-1.83654,-5424.64,0.811463,0.400927,0.26022
350000,4,-0.993287,-5426.79,1.84088,0.38439,0.2656
360000,4,-2.26419,-5426.02,2.66135,0.358543,0.258741
370000,3,-4.89849,-5424.37,6.25251,0.377015,0.2717
380000,3,-1.30836,-5425.46,2.44137,0.377527,0.26978
390000,4,-1.98781,-5426.86,2.95783,0.363318,0.2665
400000,4,-3.48173,-5429.05,2.61691,0.352873,0.2768
410000,5,-1.97249,-5429.01,3.25458,0.371325,0.256173
420000,3,-3.42982,-5434.86,4.33058,0.390053,0.2747
430000,4,-4.40546,-5419.62,3.36387,0.374174,0.28145
440000,5,-3.20914,-5420.7,2.88637,0.361103,0.275825
450000,4,-1.04087,-5422.11,0.946538,0.370953,0.272467
460000,3,-0.810758,-5427.7,2.0703,0.394191,0.2636
470000,4,-2.15805,-5423.16,2.33691,0.387539,0.2697
480000,3,-1.67493,-5431.01,2.94268,0.378132,0.2639
490000,3,0.419702,-5429.08,0.563265,0.378566,0.2622
500000,2,-2.2464,-5444.33,2.78631,0.383278,0.25654
510000,6,-6.77884,-5424.99,5.19498,0.382435,0.25445
520000,3,-0.580714,-5429.07,1.6508,0.398344,0.2749
530000,3,-0.172711,-5427.72,1.39519,0.378375,0.2733
540000,4,-0.868707,-5424.71,1.61251,0.374105,0.2748
550000,4,-2.70186,-5428.16,2.52922,0.368904,0.2763
560000,3,0.216376,-5430.32,0.997122,0.37743,0.2576
570000,4,-2.43483,-5422.27,2.66628,0.38457,0.275686
580000,7,-7.1602,-5422.36,5.00412,0.357134,0.27395
590000,3,-0.229245,-5424.98,1.41349,0.372819,0.27215
600000,3,-2.1131,-5438.46,3.08454,0.407722,0.26645
610000,4,-0.342744,-5424.01,1.41579,0.380978,0.26475
620000,3,-0.793086,-5430.23,1.94491,0.37114,0.2675
630000,3,-2.33263,-5428.29,3.50054,0.369002,0.2644
640000,5,-3.76962,-5425.42,3.65684,0.386423,0.2691
650000,4,-2.09134,-5422.44,1.20247,0.385122,0.2686
660000,3,-0.206174,-5430.93,1.28671,0.369642,0.2686
670000,4,-0.921746,-5429.47,1.63209,0.370711,0.2645
680000,3,-1.98805,-5429.68,3.02725,0.380791,0.2682
690000,3,-1.02932,-5429.5,2.10573,0.387898,0.2695
700000,3,-0.331307,-5433.16,1.53303,0.379248,0.26555
710000,4,-4.73655,-5421.68,3.26131,0.391363,0.2765
720000,2,-1.02183,-5441.88,1.73908,0.375259,0.2488
730000,3,-1.86436,-5429.99,3.02676,0.391319,0.278667
740000,3,-1.92469,-5425.6,3.09237,0.381927,0.2742
750000,3,0.518929,-5430.26,0.605223,0.395865,0.2638
760000,4,-1.97629,-5424.97,3.53789,0.380261,0.27515
770000,3,-1.56822,-5427.35,2.81045,0.369127,0.2714
780000,3,-0.53386,-5427.62,1.60776,0.384357,0.2703
790000,6,-3.99359,-5419.89,1.84539,0.380078,0.269333
800000,3,-0.815469,-5427.02,2.01164,0.373238,0.2691
810000,4,-1.36489,-5428.23,1.85584,0.389735,0.271
820000,4,-3.91864,-5428.69,1.74733,0.349694,0.2718
830000,3,-3.25877,-5427.13,4.47158,0.371741,0.2687
840000,4,-1.27105,-5426.92,2.01838,0.378572,0.2655
850000,3,-1.94201,-5428.97,2.96148,0.383543,0.2646
860000,3,-0.935894,-5432.78,2.03826,0.381579,0.255
870000,4,-2.3888,-5423.95,1.9362,0.381869,0.2685
880000,4,-2.8391,-5433.53,1.72178,0.372587,0.27213
890000,3,0.149151,-5433.87,0.829369,0.36374,0.26865
900000,3,-0.866904,-5431.34,2.09282,0.393481,0.2618
910000,3,0.381998,-5435.18,0.680411,0.389798,0.2567
920000,3,-1.40248,-5427.11,2.62958,0.379836,0.2626
930000,3,-0.0892578,-5425.56,1.3228,0.373536,0.2632
940000,1,-0.520882,-5450.88,1.05474,0.388101,0.248578
950000,3,-8.46877,-5442.32,6.58151,0.381356,0.252528
960000,4,-3.33881,-5426.14,2.46318,0.374689,0.268267
970000,5,-4.88515,-5423.92,5.41272,0.394025,0.2772
980000,4,-3.77095,-5424.86,3.13474,0.373655,0.268
990000,3,-1.00073,-5428.47,2.15528,0.387678,0.2739
1000000,3,0.764337,-5427.86,0.452862,0.387379,0.2731
1010000,3,-2.20462,-5433.46,3.384,0.365234,0.2623
1020000,6,-2.13331,-5427.61,2.78902,0.380639,0.287714
1030000,4,-3.18199,-5425.95,1.17807,0.383552,0.255811
1040000,3,0.0107018,-5433.22,0.943286,0.375242,0.2694
1050000,4,-1.67009,-5428.74,2.26874,0.37576,0.264733
1060000,3,0.0294788,-5426.96,1.16971,0.371227,0.27355
1070000,5,-4.2027,-5428.44,3.3014,0.399065,0.26925
1080000,3,-0.122005,-5427.4,1.23113,0.369756,0.26465
1090000,3,0.852703,-5436.63,0.410896,0.369627,0.2674
1100000,6,-4.84534,-5425.91,4.71562,0.378654,0.2673
1110000,3,-2.08947,-5434.24,3.30758,0.365432,0.2738
1120000,3,-1.34314,-5430.18,2.40997,0.369793,0.2625
1130000,5,-2.48171,-5427.14,3.12224,0.36061,0.2689
1140000,3,-1.72523,-5434.13,0.632935,0.372533,0.259173
1150000,3,-0.549893,-5435.75,1.60528,0.401899,0.26415
1160000,4,-2.8893,-5422.72,1.49113,0.386517,0.2589
1170000,3,-0.457466,-5424.26,1.66252,0.380325,0.2636
1180000,3,0.177177,-5426.27,1.0242,0.361317,0.2521
1190000,4,-4.4744,-5422.8,2.78658,0.380094,0.2632
1200000,0,-0.109114,-5461.94,0.109114,0.374969,0.259962
1210000,3,0.674755,-5425.46,0.489834,0.374291,0.247529
1220000,3,-1.09301,-5427.75,2.19121,0.375403,0.26305
1230000,4,-2.95808,-5418.42,2.77673,0.379094,0.2662
1240000,2,-0.834314,-5439.53,1.58524,0.389765,0.258567
1250000,4,-3.36619,-5420.92,3.13671,0.388917,0.2481
1260000,4,-1.74633,-5421.56,1.77071,0.387315,0.2696
1270000,3,-0.0910647,-5430.9,1.13683,0.382053,0.275
1280000,3,-0.697495,-5432.42,1.7249,0.365022,0.2635
1290000,3,-0.0339698,-5426.75,1.27089,0.369179,0.2666
1300000,4,-1.25527,-5426.84,2.61432,0.375591,0.263
1310000,5,-7.99429,-5422.46,6.67531,0.355233,0.2715
1320000,4,-1.10889,-5423.52,1.79911,0.369451,0.270343
1330000,2,0.110174,-5441.13,0.524881,0.397427,0.2653
1340000,3,-4.07971,-5442.97,3.86595,0.387248,0.272313
1350000,5,-3.66324,-5425.57,3.85291,0.372288,0.271533
1360000,4,-4.53849,-5420.23,4.7999,0.386373,0.2664
1370000,2,-0.521842,-5439.18,1.26358,0.369476,0.2637
1380000,4,-1.85171,-5438.23,0.878177,0.403233,0.24966
1390000,3,-1.40738,-5439.21,1.56093,0.377506,0.2416
1400000,2,0.0626374,-5445.85,0.633908,0.41425,0.25665
1410000,3,-2.62385,-5439.44,1.39073,0.373473,0.2459
1420000,3,0.201417,-5434.02,0.995756,0.3856,0.2507
1430000,6,-3.32437,-5422.99,3.24525,0.376175,0.258375
1440000,4,-2.60279,-5421.81,1.80573,0.372422,0.266733
1450000,4,-3.69238,-5424.89,4.26073,0.373451,0.2686
1460000,2,-1.62551,-5444.21,2.26042,0.380976,0.271825
1470000,5,-4.03312,-5435.15,3.46256,0.380699,0.2565
1480000,4,-2.30927,-5437.31,1.81999,0.399357,0.2461
1490000,2,-0.907478,-5439.42,1.63886,0.384955,0.2464
1500000,2,-1.57258,-5437.14,2.25596,0.376309,0.259029
1510000,6,-4.30412,-5421.47,4.78215,0.391832,0.2409
1520000,3,-0.638057,-5432.93,1.78365,0.383538,0.2687
1530000,4,-0.578227,-5425.55,0.893862,0.384441,0.2649
1540000,4,-1.71182,-5443.87,1.76559,0.394917,0.270486
1550000,4,-2.33899,-5422.22,1.06758,0.369893,0.2678
1560000,3,0.224686,-5431.09,0.860049,0.403958,0.267
1570000,3,-0.667179,-5425.97,1.89785,0.363861,0.260567
1580000,3,-1.4071,-5433.82,2.34358,0.386768,0.2666
1590000,4,-3.46443,-5424.49,4.21301,0.356147,0.2621
1600000,1,-0.166844,-5453.02,0.533546,0.389505,0.2503
1610000,3,-3.44056,-5439.07,2.69897,0.379884,0.261925
1620000,5,-0.997305,-5418.65,1.76733,0.388967,0.254831
1630000,4,-2.13423,-5423.54,3.1083,0.365237,0.2641
1640000,4,-3.0262,-5426.71,3.60555,0.377525,0.2633
1650000,4,-3.71323,-5420.15,3.29184,0.395732,0.2634
1660000,3,0.453028,-5427.2,0.618243,0.371427,0.2646
1670000,5,-3.34606,-5424.09,2.63702,0.398271,0.2663
1680000,3,-0.902824,-5423.51,2.20488,0.371435,0.2684
1690000,5,-6.24004,-5419.58,4.42602,0.35539,0.2609
1700000,4,-0.681708,-5429.9,0.744582,0.376003,0.2639
1710000,2,-3.06249,-5440.44,3.74677,0.38249,0.259382
1720000,4,-1.17196,-5441.22,1.73278,0.381404,0.272
1730000,4,-1.53443,-5437.56,1.16366,0.366368,0.26205
1740000,3,-1.14498,-5439.13,1.90125,0.371769,0.256758
1750000,4,-4.76999,-5422.41,3.56844,0.388432,0.2694
1760000,4,-0.107693,-5435.64,1.28795,0.378242,0.2568
1770000,2,-0.339401,-5438.04,1.09457,0.371572,0.2609
1780000,1,-0.0246503,-5452.54,0.367941,0.376555,0.2458
1790000,3,-0.811071,-5427.2,2.08326,0.375572,0.264833
1800000,3,-2.76056,-5425.92,4.01565,0.384655,0.2645
1810000,4,-3.3511,-5421.21,3.90929,0.389592,0.2629
1820000,4,-1.92798,-5418.73,1.95908,0.379658,0.264471
1830000,5,-2.60507,-5419.92,1.7334,0.367253,0.2734
1840000,3,0.424061,-5425.97,0.715781,0.368908,0.264667
1850000,4,-2.91201,-5429.49,3.79448,0.383983,0.2774
1860000,4,-4.28078,-5429.1,1.49337,0.405766,0.2739
1870000,3,-1.35533,-5432.64,2.55027,0.376575,0.267964
1880000,3,-0.309862,-5430.3,1.52309,0.362937,0.26775
1890000,4,-2.62867,-5423.01,2.11612,0.378717,0.283643
1900000,4,-7.21287,-5423.49,4.90398,0.402436,0.268783
1910000,3,-1.56635,-5430.95,2.58407,0.363946,0.275
1920000,4,-1.4963,-5428.12,2.13239,0.397237,0.2593
1930000,2,-2.57904,-5447.49,1.77587,0.384594,0.265567
1940000,3,-3.22662,-5438.24,3.55186,0.383482,0.25624
1950000,3,-0.719656,-5434.34,1.8485,0.393998,0.2568
1960000,3,0.524878,-5427.21,0.635685,0.383285,0.2768
1970000,3,-0.394244,-5427.78,1.54155,0.366347,0.2628
1980000,4,-1.11606,-5427.46,2.145,0.383659,0.27045
1990000,3,-2.1097,-5425.14,3.19861,0.37416,0.2765
2000000,5,-2.72556,-5421.91,1.36899,0.374685,0.2712
2010000,2,-1.32701,-5444.27,2.00994,0.361295,0.26365
2020000,4,-1.67546,-5424.73,2.33628,0.38037,0.2664
2030000,3,-0.0326783,-5435.81,1.22659,0.387259,0.259427
2040000,4,-1.44601,-5431.1,1.74293,0.392317,0.2624
2050000,3,0.620482,-5427.55,0.648144,0.380563,0.2695
2060000,4,-3.78343,-5425.94,1.99872,0.364112,0.2793
2070000,3,-0.979248,-5427.83,2.29203,0.389817,0.2758
2080000,4,-3.25978,-5423.12,2.12534,0.377657,0.269
2090000,6,-3.89237,-5426.98,1.99712,0.369577,0.281162
2100000,4,-3.64684,-5421.19,1.66369,0.376939,0.273725
2110000,3,0.258636,-5426.08,0.936356,0.391247,0.2883
2120000,3,-1.60421,-5428.8,2.84038,0.380552,0.259616
2130000,3,-1.82634,-5424.84,3.0965,0.37796,0.27854
2140000,2,-0.317356,-5437.2,1.1897,0.386508,0.2766
2150000,4,-1.78082,-5427.61,2.80172,0.386132,0.2787
2160000,5,-3.15311,-5425.62,3.42989,0.37225,0.2647
2170000,3,-2.81822,-5429.99,4.06536,0.37682,0.2722
2180000,3,0.661798,-5424.34,0.603036,0.385098,0.270117
2190000,2,-1.7022,-5448.94,1.70364,0.368489,0.26244
2200000,4,-2.4349,-5429.36,1.47596,0.381404,0.27185
2210000,3,0.257677,-5430.26,0.954579,0.36549,0.249492
2220000,2,-0.143342,-5442.94,0.86385,0.349068,0.25445
2230000,3,-0.8932,-5438.67,1.87174,0.372525,0.2675
2240000,3,-1.51659,-5428.38,2.72852,0.374552,0.24875
2250000,5,-4.76833,-5420.45,4.57049,0.371769,0.2738
2260000,7,-5.91762,-5418.45,3.2192,0.362417,0.2532
2270000,4,-4.11768,-5421.65,2.50819,0.37097,0.2681
2280000,3,-1.40108,-5430.22,2.38954,0.366063,0.2685
2290000,4,-1.90494,-5427.42,1.68056,0.397638,0.2559
2300000,3,-0.615372,-5436.82,1.78926,0.36846,0.266754
2310000,5,-3.19269,-5425.12,3.89918,0.367676,0.27215
2320000,4,-0.253512,-5428.2,1.3731,0.379447,0.2698
2330000,4,-1.88746,-5425.2,2.4072,0.359053,0.2751
2340000,4,-0.197008,-5426.59,1.00063,0.369798,0.2811
2350000,4,-2.48741,-5428.03,2.6698,0.381943,0.2653
2360000,3,-0.834132,-5426.33,1.9967,0.367411,0.262
2370000,4,-1.59585,-5432.24,2.23747,0.374847,0.27125
2380000,3,-1.77257,-5437.19,0.668087,0.386359,0.255826
2390000,3,-1.23117,-5430.77,2.40889,0.385577,0.287
2400000,3,-1.92994,-5427.23,3.18142,0.373455,0.277433
2410000,4,-1.8371,-5422.25,2.95301,0.371376,0.27405
2420000,4,-4.50837,-5420.33,3.14801,0.376886,0.27
2430000,3,-3.45642,-5427.13,4.76425,0.372126,0.271833
2440000,3,-2.31153,-5425.45,3.44836,0.37849,0.263
2450000,3,-0.755701,-5425.94,1.89685,0.374781,0.271367
2460000,3,-2.18087,-5427.64,3.40455,0.385392,0.264
2470000,4,-1.28772,-5424.11,1.46549,0.385064,0.2653
2480000,4,-1.06034,-5423.65,0.894201,0.374291,0.2609
2490000,5,-2.85205,-5423.31,3.95817,0.388584,0.2667
2500000,3,0.0664398,-5432.19,1.14653,0.365431,0.2739
2510000,2,0.0698441,-5442.98,0.656897,0.388615,0.256807
2520000,2,-1.16943,-5439.55,1.85913,0.380916,0.253473
2530000,3,-1.0401,-5437.77,1.46196,0.384237,0.2658
2540000,2,-0.0361868,-5441.96,0.704293,0.400265,0.249633
2550000,3,-1.31869,-5439.8,2.01592,0.395386,0.265209
2560000,3,-1.71564,-5438.45,2.26104,0.375989,0.2421
2570000,2,-0.229414,-5440.62,0.922656,0.370208,0.2525
2580000,3,-2.87966,-5447.35,2.34409,0.409513,0.2387
2590000,2,0.056913,-5440.04,0.614194,0.386,0.248757
2600000,4,-1.72478,-5424.62,1.1236,0.386644,0.2547
2610000,3,-1.68583,-5429.23,2.785,0.382116,0.256
2620000,3,-1.595,-5427.82,2.73614,0.391807,0.255356
2630000,5,-3.76483,-5420.35,1.72602,0.381992,0.2651
2640000,4,-2.70254,-5421.87,1.44284,0.369212,0.265767
2650000,2,-0.384858,-5440.44,1.07459,0.382065,0.257243
2660000,4,-1.25341,-5432.15,2.46191,0.380426,0.2387
2670000,4,-1.476,-5428.22,2.68248,0.383701,0.279233
2680000,4,-2.39041,-5421.75,1.77853,0.383047,0.27195
2690000,5,-2.60025,-5422.65,1.69803,0.376566,0.257567
2700000,4,0.284461,-5422.66,0.653756,0.380213,0.2769
2710000,3,-0.894201,-5428.23,2.15522,0.38557,0.271033
2720000,4,-1.89347,-5426.2,1.44558,0.380893,0.27482
2730000,3,-0.641432,-5432.92,1.8191,0.377348,0.2747
2740000,3,-3.64493,-5427.76,4.78861,0.383519,0.273
2750000,3,-4.07372,-5433.34,3.25745,0.369785,0.27034
2760000,3,-4.9663,-5440.74,4.93131,0.38754,0.2557
2770000,3,-0.419027,-5427.98,1.55887,0.380772,0.262933
2780000,3,-0.24158,-5424.4,1.48382,0.390753,0.26
2790000,2,-0.27889,-5442.16,0.96546,0.368298,0.241967
2800000,4,-0.281711,-5424.42,0.757832,0.390304,0.266
2810000,5,-4.60626,-5420.27,3.47303,0.37442,0.27123
2820000,4,-0.820422,-5430.49,2.02279,0.38428,0.2642
2830000,4,-1.05955,-5423.79,1.32159,0.378082,0.261833
2840000,3,-1.49897,-5426.55,2.65754,0.366138,0.26715
2850000,4,-1.11554,-5422.98,1.52764,0.374734,0.2612
2860000,4,-2.6194,-5425.3,1.73993,0.374956,0.272933
2870000,4,-3.35685,-5427.59,4.26792,0.383805,0.2697
2880000,3,-1.31946,-5423.58,2.52727,0.379916,0.2667
2890000,4,-3.61117,-5423.41,3.88679,0.379779,0.2751
2900000,4,-3.3959,-5423.53,2.40789,0.381491,0.2746
2910000,3,-1.67118,-5436.73,1.17041,0.374873,0.263124
2920000,5,-3.86595,-5423.29,2.92273,0.382532,0.2708
2930000,4,-0.261394,-5428.49,1.66676,0.37314,0.269667
2940000,4,-1.29821,-5426.91,2.07092,0.382444,0.2685
2950000,4,-4.21375,-5419.73,4.13908,0.383607,0.2616
2960000,3,-3.65458,-5426.28,4.87021,0.378579,0.266
2970000,5,-4.4939,-5417.51,3.41373,0.379771,0.2706
2980000,3,-0.290274,-5429.91,1.49141,0.360251,0.254857
2990000,4,-4.305,-5436.44,3.91348,0.358857,0.2641
3000000,3,-1.47738,-5428.9,2.59479,0.360288,0.265014
3010000,3,-1.56845,-5429.44,2.5496,0.377436,0.2728
3020000,5,-1.06977,-5426.76,0.969465,0.373182,0.280633
3030000,3,-1.58597,-5427.06,2.74016,0.384615,0.264918
3040000,4,-3.11762,-5426.94,2.05458,0.384403,0.2672
3050000,5,-4.31587,-5415.99,3.9538,0.386757,0.274733
3060000,3,-0.13862,-5424.23,1.3102,0.377912,0.276189
3070000,4,-1.18127,-5430.37,2.231,0.354772,0.275367
3080000,3,-1.55178,-5429.1,2.57686,0.37246,0.272
3090000,3,-0.857699,-5426,2.09473,0.384817,0.2706
3100000,3,-1.14235,-5426.13,2.3793,0.381215,0.2667
3110000,4,-2.68267,-5429.51,3.70146,0.386795,0.27097
3120000,3,-1.15252,-5430.36,2.15331,0.369607,0.2701
3130000,4,-0.301661,-5431.11,0.439615,0.368385,0.2546
3140000,2,0.494743,-5448.93,0.167691,0.375354,0.2512
3150000,3,-3.35405,-5434.39,1.51187,0.373163,0.252
3160000,3,0.605497,-5430.22,0.61877,0.393549,0.2608
3170000,4,-2.77648,-5425.7,3.16418,0.381335,0.2554
3180000,3,-1.11252,-5424.05,2.34453,0.379803,0.256473
3190000,7,-3.66251,-5422.1,2.6718,0.366096,0.2682
3200000,6,-1.87505,-5423.25,1.6602,0.383376,0.2557
3210000,3,0.111442,-5426.85,1.14769,0.381548,0.27055
3220000,3,-1.00782,-5432.53,2.3012,0.398798,0.26875
3230000,4,-2.82752,-5423.75,2.87537,0.384577,0.2661
3240000,4,-3.1365,-5421.99,3.32201,0.397099,0.2591
3250000,4,-1.04696,-5423.81,2.42181,0.374388,0.268
3260000,2,-3.42487,-5448.03,1.31428,0.37606,0.255362
3270000,6,-7.38672,-5421.56,6.32521,0.387769,0.2488
3280000,5,-1.88134,-5425.14,2.03966,0.3843,0.2642
3290000,3,-1.01904,-5428.23,2.1739,0.383601,0.256594
3300000,4,-1.93116,-5426.98,2.45091,0.372931,0.2737
3310000,4,-2.57535,-5426.94,3.0344,0.388943,0.2671
3320000,3,-0.0699002,-5429.82,1.16222,0.374908,0.26225
3330000,5,-5.97685,-5430.13,3.99614,0.387136,0.2722
3340000,4,-3.47274,-5420.37,3.52382,0.385317,0.271733
3350000,3,-0.381163,-5435.11,1.38979,0.382124,0.2754
3360000,4,-2.74617,-5422.79,1.73273,0.366891,0.2645
3370000,6,-6.86211,-5425.91,4.7931,0.375162,0.2622
3380000,3,-0.52386,-5436.14,1.71751,0.396218,0.2685
3390000,3,-0.421969,-5426.52,1.62035,0.394617,0.2681
3400000,4,-2.56102,-5423.65,3.39894,0.357865,0.2712
3410000,4,-3.30054,-5426.32,4.01549,0.379365,0.2557
3420000,4,0.077962,-5430.39,1.51838,0.391432,0.2707
3430000,4,-0.805063,-5432.73,1.06166,0.380573,0.2721
3440000,4,-3.58888,-5422.7,3.37434,0.365236,0.2614
3450000,3,-0.890917,-5432.04,2.20754,0.376895,0.266504
3460000,3,-1.30982,-5430.89,2.67057,0.385335,0.2719
3470000,3,-1.87629,-5425.63,3.05244,0.374759,0.2575
3480000,3,-2.35,-5432.78,3.3179,0.381108,0.275
3490000,4,-2.07597,-5434.98,2.96512,0.377763,0.26698
3500000,4,-2.52698,-5419.99,2.61448,0.37082,0.2639
3510000,4,-0.918216,-5424.08,1.67836,0.36629,0.27195
3520000,3,0.546392,-5428.24,0.679963,0.397565,0.2647
3530000,3,-2.4415,-5439.4,2.24418,0.38118,0.2722
3540000,4,0.142517,-5434.78,0.592772,0.381959,0.27145
3550000,4,-2.88029,-5423.38,2.789,0.400749,0.2666
3560000,5,-7.18144,-5421.08,4.60575,0.373221,0.273067
3570000,4,-2.47933,-5429.62,1.93777,0.357845,0.259288
3580000,3,-2.30014,-5427.18,3.54488,0.374559,0.2648
3590000,3,-0.28599,-5426.99,1.45467,0.392218,0.2606
3600000,4,-2.56397,-5423.3,1.96334,0.379693,0.266433
3610000,2,-0.425919,-5440.61,1.07565,0.386349,0.264
3620000,4,-2.51573,-5428.13,2.94355,0.387738,0.26375
3630000,2,-0.794555,-5441.48,1.46713,0.363749,0.25825
3640000,3,-2.15872,-5425.19,3.30344,0.381924,0.2688
3650000,3,-2.25579,-5437.99,2.52047,0.373046,0.248181
3660000,3,0.523748,-5429.81,0.605441,0.389743,0.264133
3670000,4,-0.964163,-5427.7,2.65934,0.369711,0.2718
3680000,4,-2.81882,-5421.65,2.51951,0.375006,0.27915
3690000,3,0.159895,-5427.03,0.92425,0.379426,0.268
3700000,3,-0.0175174,-5426.48,1.09713,0.374122,0.2668
3710000,4,-1.45548,-5423.34,2.61005,0.394734,0.2753
3720000,3,-0.955764,-5430.16,2.12334,0.383629,0.270965
3730000,3,-3.04636,-5437.03,4.21196,0.357149,0.27096
3740000,4,-1.24878,-5431.14,2.32918,0.377672,0.2772
3750000,3,-0.119642,-5425.24,1.33163,0.386642,0.277167
3760000,3,-2.53257,-5437.66,3.47381,0.382826,0.27166
3770000,4,-6.99502,-5434.29,7.0036,0.383933,0.27615
3780000,6,-5.79382,-5425.78,3.52818,0.367382,0.2723
3790000,3,-0.966121,-5427.77,2.10496,0.386709,0.2683
3800000,3,-0.557954,-5427.19,1.78476,0.37492,0.265406
3810000,4,-1.33303,-5426.17,2.37614,0.39461,0.2685
3820000,4,-2.517,-5428.17,3.61564,0.388132,0.2743
3830000,4,-1.49733,-5427.36,2.32818,0.378529,0.2821
3840000,4,-1.15121,-5425.76,2.06104,0.371164,0.2596
3850000,3,-1.35833,-5430.93,2.32104,0.38688,0.2652
3860000,4,-2.67445,-5427.23,3.73868,0.388961,0.2735
3870000,4,-1.46794,-5423.09,0.810272,0.372743,0.2597
3880000,5,-1.96973,-5422.6,2.59618,0.371305,0.270657
3890000,3,-2.87667,-5426.96,4.05886,0.381493,0.2732
3900000,4,-1.57073,-5420.29,1.96417,0.38737,0.263
3910000,4,-2.28427,-5423.17,1.63257,0.379614,0.2668
3920000,3,-0.813524,-5430.23,1.93735,0.3658,0.276543
3930000,4,-1.90976,-5424.21,2.05771,0.396439,0.2715
3940000,4,-1.57547,-5424.45,2.78724,0.370727,0.268433
3950000,4,-4.14286,-5436.65,3.21914,0.369344,0.270925
3960000,3,0.747628,-5426.88,0.363452,0.38823,0.268
3970000,4,0.0155325,-5427.74,1.26279,0.376745,0.257676
3980000,4,0.333938,-5427.94,1.2122,0.362674,0.27525
3990000,5,-4.77857,-5427.42,5.64036,0.387457,0.2676
4000000,4,-2.64104,-5422.96,2.23681,0.391063,0.271857
4010000,3,0.394886,-5428.36,0.733016,0.376534,0.2758
4020000,3,-0.604401,-5429.01,1.66581,0.377842,0.28314
4030000,3,-0.200984,-5427.49,1.43236,0.36757,0.275933
4040000,3,-1.31809,-5424.01,2.56073,0.379028,0.2671
4050000,4,-1.93224,-5428.32,2.58006,0.366674,0.2779
4060000,4,-1.1571,-5425.55,2.03205,0.372629,0.2636
4070000,4,-2.34935,-5423.67,2.4295,0.388659,0.253917
4080000,3,-0.98416,-5426.16,2.15883,0.38797,0.2589
4090000,3,-0.817252,-5428.73,1.83907,0.367045,0.263
4100000,3,-0.143629,-5427.58,1.27869,0.395459,0.269775
4110000,3,0.0176124,-5435.5,0.918013,0.387519,0.2768
4120000,4,-2.55825,-5428.47,3.54866,0.363754,0.271067
4130000,4,-3.88169,-5424.09,5.38713,0.386023,0.2693
4140000,6,-4.15856,-5422.57,2.0226,0.385049,0.2668
4150000,3,-1.1682,-5428.07,2.2874,0.380541,0.2653
4160000,3,-1.0648,-5429.31,2.13667,0.403678,0.2768
4170000,3,-1.28765,-5429.37,2.23429,0.371707,0.2533
4180000,3,-0.686001,-5427.84,1.79174,0.380761,0.264031
4190000,3,-0.838811,-5430.84,1.89792,0.383706,0.2601
4200000,5,-2.9836,-5419.38,1.99914,0.365859,0.2799
4210000,3,-1.2449,-5425.36,2.48782,0.360477,0.2776
4220000,3,0.838402,-5428.28,0.293789,0.381756,0.2768
4230000,3,-1.28804,-5433.48,2.30006,0.380457,0.2721
4240000,3,-0.360408,-5430.81,1.42546,0.382371,0.272643
4250000,4,-4.59146,-5424,2.82144,0.357212,0.27255
4260000,4,-6.81619,-5424.26,3.51119,0.387561,0.2751
4270000,4,-5.42005,-5423.05,4.93365,0.386959,0.266494
4280000,3,-1.83352,-5424.68,3.01654,0.386305,0.272
4290000,4,-3.65512,-5430.89,3.87696,0.398206,0.26825
4300000,3,0.165907,-5433.2,0.873057,0.373244,0.2743
4310000,4,-1.38322,-5429.28,1.691,0.399293,0.2643
4320000,3,-0.406831,-5425.18,1.59794,0.378038,0.268475
4330000,2,-0.648739,-5439.84,1.34215,0.385852,0.2605
4340000,2,-0.599276,-5440.25,1.33251,0.39502,0.255265
4350000,2,-0.690679,-5441.19,1.31194,0.366158,0.24335
4360000,2,-0.234476,-5438.35,0.941116,0.392905,0.25215
4370000,4,-3.02631,-5438.68,2.29658,0.370336,0.24245
4380000,3,-1.96044,-5439.99,2.69515,0.37689,0.2426
4390000,4,-4.54745,-5427.11,3.93349,0.391158,0.271033
4400000,4,-2.15592,-5426.41,2.09161,0.384967,0.2699
4410000,3,-0.19845,-5425.21,1.52858,0.382304,0.2611
4420000,4,-3.09156,-5424.87,4.1318,0.381554,0.274475
4430000,3,0.385492,-5426.12,0.828282,0.387198,0.26115
4440000,3,-0.957575,-5426.52,2.16237,0.379475,0.2672
4450000,4,-0.180072,-5426.86,1.12254,0.38852,0.2653
4460000,4,-2.66856,-5423.38,2.59113,0.38575,0.2655
4470000,4,-2.90418,-5425.08,3.28193,0.379515,0.2649
4480000,3,0.20894,-5427.79,0.916376,0.381495,0.269
4490000,2,-0.388498,-5442.62,1.22489,0.383034,0.254884
4500000,3,0.627997,-5428.06,0.559671,0.392144,0.2771
4510000,3,-0.387698,-5439.23,1.3681,0.394778,0.2615
4520000,4,-1.79058,-5424.91,2.73295,0.381195,0.26525
4530000,3,-0.722079,-5427.25,1.86388,0.392639,0.273936
4540000,3,-1.29413,-5432,2.28541,0.383391,0.289633
4550000,3,0.515524,-5428.27,0.538067,0.386529,0.2658
4560000,4,-4.65729,-5426.04,4.64258,0.371715,0.2626
4570000,3,-0.832794,-5429.79,2.02545,0.375269,0.2621
4580000,3,0.304254,-5431.56,0.760204,0.380375,0.2678
4590000,3,-1.89506,-5427.84,3.01679,0.377421,0.2599
4600000,3,-0.654257,-5430.56,1.89428,0.385386,0.268757
4610000,3,-0.12859,-5429.5,1.25852,0.409337,0.26435
4620000,3,-1.01242,-5427.45,2.27475,0.371664,0.2733
4630000,5,-2.70961,-5424.27,3.67724,0.372378,0.2713
4640000,5,-5.44518,-5423.81,0.458228,0.374924,0.2682
4650000,4,-2.28127,-5423.65,2.79921,0.366061,0.279
4660000,4,-0.81876,-5424.47,1.21149,0.384025,0.267567
4670000,3,-1.49277,-5437.92,2.48898,0.414283,0.2628
4680000,3,-0.20737,-5432.66,1.272,0.393863,0.269337
4690000,3,-3.94927,-5438.36,1.76185,0.388717,0.26765
4700000,3,-1.20736,-5427.14,2.51254,0.371211,0.271333
4710000,4,-0.376754,-5425.64,1.63314,0.395414,0.2729
4720000,4,-4.05115,-5427.94,4.57467,0.379999,0.2545
4730000,3,-1.13008,-5430.29,2.26088,0.386345,0.2677
4740000,3,-1.64044,-5428.16,2.77849,0.371454,0.257218
4750000,3,0.759453,-5428.27,0.538554,0.394442,0.2609
4760000,3,-1.90652,-5431.02,3.15365,0.364204,0.2685
4770000,4,-2.30705,-5425.3,1.55552,0.373723,0.2646
4780000,5,-4.90845,-5421.38,2.86774,0.3618,0.26616
4790000,3,-0.638449,-5426.62,1.82829,0.377133,0.266467
4800000,3,-0.120543,-5432.54,1.20591,0.389626,0.278533
4810000,2,-0.907396,-5438.15,1.76129,0.385025,0.267333
4820000,5,-2.15508,-5419.97,1.42421,0.379225,0.2783
4830000,4,-3.24315,-5422.44,2.07014,0.380469,0.277175
4840000,3,-1.00778,-5430.47,2.11134,0.375809,0.2691
4850000,4,-1.45801,-5425.37,1.08628,0.373901,0.2604
4860000,5,-4.43735,-5416.58,4.97527,0.37665,0.2588
4870000,3,-0.474727,-5425.9,1.64201,0.374364,0.2604
4880000,3,-1.63225,-5431.67,2.79475,0.372468,0.2674
4890000,3,-1.00521,-5428.96,2.1441,0.362911,0.2605
4900000,4,-1.68644,-5422.27,2.5324,0.384482,0.27475
4910000,3,-0.939174,-5428.01,2.08329,0.370686,0.273875
4920000,3,-1.55594,-5424.31,2.7305,0.379641,0.2589
4930000,3,-0.269964,-5427.57,1.34228,0.36768,0.266833
4940000,3,-2.57421,-5436.82,2.9001,0.371868,0.25006
4950000,3,-0.52967,-5427.63,1.73187,0.366791,0.2605
4960000,3,-0.842973,-5432.58,1.98671,0.387284,0.2787
4970000,2,-0.991709,-5439.61,1.81991,0.370017,0.254633
4980000,5,-4.30934,-5419.89,3.78871,0.373644,0.263408
4990000,4,-4.65141,-5424.94,5.44759,0.375326,0.2722
5000000,3,-1.14313,-5428.03,2.30486,0.372134,0.276825
5010000,3,-0.525229,-5427.59,1.71469,0.374702,0.2667
5020000,4,-0.444711,-5428.55,1.99273,0.376238,0.2676
5030000,4,-0.967612,-5421.77,1.63336,0.37943,0.2779
5040000,4,-1.39415,-5422.85,1.03042,0.369838,0.2687
5050000,4,-3.5517,-5427.12,1.6352,0.370852,0.2639
5060000,4,0.189409,-5431.44,0.934563,0.373929,0.272686
5070000,3,-1.3498,-5431.43,2.4466,0.355997,0.26445
5080000,4,-1.64707,-5432.69,2.26324,0.375885,0.2717
5090000,4,-2.74569,-5424.81,1.46691,0.371473,0.26345
5100000,3,-1.1327,-5426.2,2.36746,0.370504,0.26165
5110000,4,-0.242124,-5433.58,0.623508,0.389691,0.2713
5120000,3,-1.97404,-5431.28,2.996,0.3714,0.2758
5130000,4,-2.81445,-5427.21,4.08779,0.373122,0.2685
5140000,3,-0.700888,-5427.84,1.81995,0.367859,0.2782
5150000,3,-0.845868,-5430.15,2.14212,0.386767,0.2645
5160000,2,-2.42851,-5450.95,0.650275,0.370508,0.257515
5170000,4,-3.57448,-5421.24,2.72461,0.371682,0.27212
5180000,4,-4.79289,-5423.76,5.06557,0.382335,0.2781
5190000,3,-0.113,-5427.14,1.33472,0.390455,0.2776
5200000,3,-0.627841,-5429.47,1.82084,0.396012,0.27725
5210000,4,-2.16716,-5423.73,3.52293,0.377973,0.2659
5220000,4,-2.24305,-5427.37,2.84188,0.372743,0.266167
5230000,5,-3.28976,-5426.1,2.73547,0.387148,0.27285
5240000,3,-0.96383,-5426.38,2.18191,0.377354,0.2677
5250000,4,-3.23475,-5418.63,2.58326,0.37743,0.2566
5260000,4,-1.2016,-5424.6,2.05192,0.363894,0.274833
5270000,3,-0.723537,-5427.97,1.87039,0.361588,0.2804
5280000,4,-4.59081,-5424.52,2.36214,0.393612,0.2716
5290000,4,-1.44804,-5424.59,2.54846,0.38961,0.271
5300000,3,-0.30584,-5427.34,1.5533,0.382777,0.272314
5310000,6,-4.98434,-5420.4,3.76835,0.392144,0.2777
5320000,3,-0.779277,-5433.74,1.76905,0.366729,0.2637
5330000,3,0.179694,-5426.56,0.937055,0.377654,0.273167
5340000,3,-0.158622,-5431.69,1.23156,0.385976,0.27416
5350000,5,-2.29549,-5417.82,1.6569,0.382268,0.2752
5360000,4,-2.66882,-5426.61,3.28959,0.38181,0.2746
5370000,2,-0.0702743,-5441.14,0.821705,0.37843,0.29534
5380000,4,-3.91209,-5420.43,3.833,0.367161,0.2715
5390000,5,-1.808,-5424.23,2.10352,0.36768,0.28656
5400000,4,-2.58074,-5419.97,2.5554,0.386525,0.272
5410000,3,-0.965065,-5430.03,1.9943,0.372398,0.2741
5420000,2,0.427154,-5446.84,0.404866,0.364219,0.28914
5430000,5,-2.75372,-5424.94,3.07061,0.392735,0.27495
5440000,4,-1.18632,-5421.06,1.63856,0.378875,0.2743
5450000,4,-3.70378,-5427.96,3.92665,0.38472,0.2813
5460000,3,-0.422745,-5431.5,1.63961,0.389167,0.2767
5470000,3,-1.08976,-5427.12,2.35243,0.37099,0.25988
5480000,4,-0.885223,-5426.31,1.89896,0.381734,0.2697
5490000,5,-6.29352,-5428.67,4.90506,0.372524,0.2748
5500000,5,-3.51295,-5419.95,3.69714,0.380532,0.275233
5510000,4,-1.71594,-5429.02,3.22986,0.392159,0.27815
5520000,3,-0.607038,-5429.42,1.67153,0.392849,0.27345
5530000,4,-1.74195,-5424.29,2.6608,0.374397,0.2566
5540000,3,-1.60767,-5432.19,2.68075,0.379394,0.272892
5550000,4,-4.88629,-5421.29,2.60538,0.379468,0.2647
5560000,4,-4.20401,-5425.85,2.74145,0.381356,0.2653
5570000,2,-0.429435,-5441.2,1.23026,0.371772,0.276367
5580000,3,-0.283676,-5427.91,1.46597,0.390087,0.2725
5590000,4,-3.20269,-5423.74,2.53547,0.392459,0.2866
5600000,4,-3.50688,-5428.64,2.31066,0.385814,0.2657
5610000,4,-1.12615,-5428.57,2.62448,0.389568,0.2644
5620000,3,-0.841811,-5427.99,2.15216,0.374337,0.2662
5630000,5,0.0404308,-5422.59,1.43837,0.383356,0.2525
5640000,3,-1.39027,-5432.57,0.558448,0.378277,0.247717
5650000,3,0.448518,-5429.93,0.716873,0.3803,0.2877
5660000,3,-0.531414,-5425.91,1.79577,0.39634,0.277367
5670000,4,-4.19478,-5425.12,4.69842,0.376793,0.272
5680000,3,-0.486648,-5432.21,1.67812,0.38472,0.2669
5690000,3,-2.033,-5430.22,3.04548,0.381681,0.2627
5700000,3,-1.36629,-5427.19,2.63949,0.38698,0.2658
5710000,3,0.477631,-5429.01,0.787425,0.362298,0.262667
5720000,5,-2.19264,-5424.79,1.76686,0.38435,0.2706
5730000,3,-0.888243,-5425.91,2.06678,0.370793,0.2751
5740000,5,-2.35842,-5422.99,2.96671,0.368735,0.2723
5750000,3,0.0920321,-5427.67,1.1339,0.383301,0.2663
5760000,3,-2.0146,-5432.47,3.04767,0.370693,0.277233
5770000,3,-0.441809,-5428.6,1.60473,0.355411,0.2701
5780000,3,0.00533548,-5429.05,1.05253,0.381631,0.2607
5790000,3,0.362019,-5425.57,0.828221,0.398828,0.2691
5800000,1,-0.575323,-5451.35,0.854669,0.380175,0.27225
5810000,5,-3.36362,-5426.27,3.59675,0.400976,0.2595
5820000,3,-2.75603,-5426.88,3.84071,0.386053,0.265586
5830000,4,-4.41654,-5421.44,2.32334,0.384138,0.274
5840000,3,0.343799,-5426.09,0.92628,0.387439,0.2587
5850000,4,-1.13853,-5428.06,2.57284,0.382175,0.266
5860000,3,-0.710047,-5427.46,1.96693,0.357387,0.2549
5870000,5,-4.66918,-5425.32,4.09716,0.390685,0.2749
5880000,4,0.705252,-5430.06,0.664886,0.376762,0.2713
5890000,3,-0.809319,-5430.15,2.04211,0.394194,0.2695
5900000,2,-0.241358,-5440.55,0.818078,0.374997,0.255433
5910000,3,-1.23605,-5430.95,2.4478,0.375636,0.27025
5920000,3,-0.560661,-5430.65,1.59545,0.387532,0.27283
5930000,4,-2.21902,-5426.47,2.90016,0.369703,0.2732
5940000,3,-0.783114,-5429.15,1.82157,0.385686,0.2588
5950000,3,-0.285192,-5427.29,1.56518,0.382971,0.275525
5960000,4,-2.80088,-5421,2.17677,0.386564,0.2669
5970000,4,-2.84647,-5423.61,3.76942,0.379753,0.2653
5980000,3,-0.284987,-5431.86,1.50308,0.380446,0.270533
5990000,3,0.416624,-5426.31,0.7594,0.384495,0.2617
6000000,3,-0.583607,-5430.76,1.772,0.370006,0.2696
6010000,3,-1.98908,-5427.18,3.18941,0.354511,0.268075
6020000,5,-3.53398,-5425.05,1.60394,0.391853,0.26675
6030000,3,0.0210027,-5426.73,1.17552,0.372098,0.2688
6040000,5,-2.88885,-5429.01,2.57698,0.383714,0.282
6050000,3,-0.770976,-5438.23,1.69467,0.375783,0.25374
6060000,2,-0.337658,-5441.18,1.19406,0.382377,0.2636
6070000,3,-1.30749,-5440.7,2.48434,0.353603,0.253541
6080000,3,-0.160249,-5428.06,1.3091,0.372551,0.2646
6090000,4,-1.71267,-5428.36,2.34232,0.389097,0.2604
6100000,3,0.137659,-5427.29,1.08197,0.370763,0.2694
6110000,3,-0.124395,-5429.98,1.19915,0.367866,0.2793
6120000,3,0.00869412,-5430.89,1.17544,0.368221,0.2654
6130000,6,-4.3103,-5421.96,2.24907,0.373821,0.2555
6140000,6,-1.90781,-5427.25,1.52288,0.374938,0.269075
6150000,3,-1.30949,-5427.31,2.60096,0.376186,0.268
6160000,3,0.177778,-5424.73,1.0303,0.376486,0.2531
6170000,3,-0.136015,-5431.81,1.36952,0.381431,0.261
6180000,3,-1.30133,-5440.65,1.11879,0.374249,0.267573
6190000,5,-1.94262,-5427.33,2.29863,0.391411,0.255
6200000,3,0.200439,-5428.2,1.00995,0.390597,0.2567
6210000,3,-1.14252,-5425.17,2.41359,0.393784,0.265
6220000,4,-5.22608,-5421.06,4.1924,0.386195,0.28425
6230000,5,-2.19351,-5423.83,2.75506,0.371017,0.2738
6240000,3,0.0128983,-5428.83,1.13651,0.373866,0.276477
6250000,5,-0.640429,-5418.03,0.697039,0.373324,0.2701
6260000,4,-2.35492,-5427.68,3.11192,0.387787,0.275533
6270000,4,-0.237529,-5426.29,1.44492,0.387671,0.2819
6280000,4,-0.300302,-5423.69,1.24124,0.366796,0.2774
6290000,3,-3.74935,-5429.37,4.92814,0.386131,0.27365
6300000,2,-0.497646,-5439.8,1.18865,0.388742,0.269925
6310000,3,-3.48941,-5433.85,2.93744,0.377088,0.26175
6320000,3,0.729297,-5428.13,0.399681,0.384192,0.2753
6330000,2,0.405458,-5437.13,0.544212,0.369937,0.26994
6340000,2,0.0791989,-5440.42,0.733208,0.391792,0.269825
6350000,4,-4.52316,-5433.46,2.38801,0.377919,0.268014
6360000,3,-2.57715,-5431.24,3.60724,0.397272,0.2733
6370000,5,-4.19184,-5425.53,1.36721,0.375133,0.274
6380000,5,-3.31468,-5419.33,3.30206,0.389769,0.2655
6390000,4,-1.54069,-5421.55,1.09234,0.381477,0.2682
6400000,4,-0.500747,-5426.1,1.54431,0.392101,0.27295
6410000,4,-0.780397,-5431.1,2.40515,0.390343,0.26505
6420000,4,0.355818,-5427.63,1.12804,0.38491,0.2751
6430000,3,-0.106925,-5430.46,1.26647,0.364303,0.2706
6440000,3,-0.861497,-5426.44,2.00244,0.38199,0.2624
6450000,3,-0.573141,-5428.32,1.64869,0.380095,0.2592
6460000,5,-7.25216,-5419.54,5.43171,0.388546,0.266767
6470000,3,-2.60389,-5425.9,3.82603,0.38162,0.2649
6480000,3,-1.3439,-5425.77,2.57576,0.384191,0.268167
6490000,3,-0.24048,-5425.46,1.4064,0.362286,0.26865
6500000,5,-2.38575,-5421.62,1.72998,0.364464,0.2665
6510000,3,-3.68793,-5438.31,2.45589,0.387278,0.27695
6520000,4,-0.48407,-5426.12,1.67081,0.395191,0.254174
6530000,4,-1.44822,-5431.23,2.48077,0.391217,0.2671
6540000,4,-3.67108,-5418.53,2.96188,0.375808,0.2726
6550000,3,-2.8917,-5428.5,3.91533,0.373786,0.269
6560000,6,-2.49235,-5418.72,2.72802,0.378385,0.2663
6570000,3,-1.29458,-5425.7,2.43211,0.376173,0.2645
6580000,3,-1.31415,-5425.14,2.50088,0.382326,0.2602
6590000,4,-0.976702,-5424.95,1.67732,0.373709,0.292483
6600000,2,-1.3697,-5439.38,2.2358,0.359334,0.2609
6610000,4,-1.1203,-5427.85,1.94324,0.375072,0.27
6620000,5,-3.73084,-5424.42,4.02731,0.383363,0.2612
6630000,3,-1.84495,-5423.98,3.03712,0.374645,0.2717
6640000,4,-1.00361,-5426.8,2.63213,0.366631,0.275
6650000,4,-4.35457,-5427.21,2.49423,0.369223,0.2751
6660000,2,-0.690173,-5441.92,1.52994,0.359918,0.2786
6670000,3,-3.67095,-5434.07,3.1947,0.384158,0.258663
6680000,2,-1.41648,-5440.04,2.08033,0.371466,0.253653
6690000,3,-1.7751,-5431.08,2.92222,0.368353,0.290825
6700000,4,-0.0508178,-5438.52,0.768288,0.367029,0.256
6710000,5,-4.23046,-5423.13,2.6927,0.364189,0.2641
6720000,4,-2.78643,-5427.21,3.7415,0.375388,0.2774
6730000,4,-5.83611,-5428.13,4.48175,0.371674,0.266
6740000,6,-3.1718,-5420.62,2.56565,0.379589,0.264717
6750000,4,-2.47813,-5431.15,3.62259,0.378316,0.274125
6760000,6,-2.36363,-5422.68,2.14897,0.37907,0.27135
6770000,4,-3.75346,-5427.82,2.57113,0.413638,0.2756
6780000,3,0.603888,-5426.61,0.572458,0.387403,0.273
6790000,3,-0.753672,-5429.95,1.98935,0.359847,0.272367
6800000,5,-1.20679,-5424.45,1.59664,0.371933,0.2606
6810000,5,-3.09329,-5423.66,3.10802,0.40034,0.27405
6820000,4,-2.41592,-5420.29,1.70404,0.376277,0.2645
6830000,5,-1.2329,-5424.4,1.11824,0.37769,0.2763
6840000,3,-0.654443,-5430.2,1.82425,0.394925,0.27175
6850000,4,-1.80436,-5421.89,1.79905,0.376477,0.269
6860000,4,-2.39735,-5427.71,3.9186,0.391492,0.2684
6870000,3,0.606642,-5426.35,0.591941,0.38247,0.2721
6880000,5,-6.09018,-5430.66,2.32549,0.388353,0.2691
6890000,3,-0.655363,-5429.04,1.89619,0.38527,0.270179
6900000,4,-2.43858,-5426.44,3.91326,0.378847,0.2656
6910000,4,-1.2803,-5420.53,1.74145,0.380447,0.265
6920000,3,-0.892805,-5427.24,2.06765,0.379703,0.2679
6930000,3,-5.03334,-5426.18,6.1981,0.367878,0.2756
6940000,4,-0.802952,-5425.02,2.22411,0.383403,0.2555
6950000,3,-0.698054,-5431.41,1.69739,0.37726,0.2567
6960000,3,-2.20584,-5433.55,3.38634,0.38451,0.2611
6970000,3,-2.02558,-5440.59,2.68381,0.366415,0.253703
6980000,3,-1.1626,-5428.09,2.37168,0.377011,0.2741
6990000,4,-1.84736,-5431.14,2.99111,0.386521,0.2693
7000000,4,-2.87778,-5419.98,3.60782,0.38741,0.2662
7010000,4,-0.935624,-5425.82,0.632449,0.395782,0.2532
7020000,5,-8.99699,-5422.55,2.72243,0.390857,0.2602
7030000,3,0.26178,-5424.83,0.875889,0.370953,0.2624
7040000,4,-4.71685,-5437.33,1.4058,0.368024,0.261194
7050000,3,0.897189,-5431.33,0.208869,0.400522,0.26245
7060000,3,-1.27126,-5447.1,1.20015,0.38161,0.267211
7070000,4,-3.02951,-5439.95,2.49947,0.368649,0.262971
7080000,2,-1.43693,-5440.79,2.17668,0.369122,0.2884
7090000,3,-1.95306,-5436.5,0.943091,0.404402,0.3023
7100000,5,-3.18185,-5422.94,2.37104,0.380629,0.3051
7110000,3,0.236798,-5425.98,0.910496,0.388205,0.27105
7120000,3,-4.23202,-5442.76,4.2219,0.370793,0.29065
7130000,2,-0.826232,-5445.75,1.50795,0.367169,0.2887
7140000,4,-1.05541,-5428.01,1.20761,0.363616,0.267167
7150000,4,-1.13808,-5423.41,1.42831,0.374981,0.2647
7160000,5,-4.27522,-5427.7,3.18543,0.400271,0.2952
7170000,3,-3.24456,-5430.3,4.33049,0.353262,0.26985
7180000,2,-0.091662,-5436.77,1.03517,0.374016,0.2448
7190000,4,-1.6591,-5427.16,2.49035,0.384587,0.2693
7200000,4,-3.96063,-5418.96,3.50359,0.378641,0.2742
7210000,4,-1.09703,-5423.48,0.959215,0.372098,0.257
7220000,4,-1.08786,-5422.69,1.46564,0.37698,0.2627
7230000,4,-2.66514,-5435.44,3.14961,0.387019,0.248211
7240000,3,-1.00581,-5430.39,2.32227,0.38794,0.26735
7250000,4,-3.02861,-5426.76,2.5241,0.406751,0.266867
7260000,3,-2.30603,-5426.92,3.48105,0.365401,0.27365
7270000,5,-3.42616,-5420.22,3.56,0.370391,0.2691
7280000,5,-5.17531,-5425.07,3.64597,0.380046,0.2623
7290000,3,-0.326098,-5423.78,1.55032,0.379632,0.2618
7300000,6,-5.09251,-5418.48,3.81831,0.38353,0.2552
7310000,2,-0.106442,-5438.24,1.00492,0.368326,0.24508
7320000,4,-3.74501,-5432.63,1.73516,0.365459,0.2699
7330000,3,-1.64675,-5429.7,2.78021,0.394223,0.2673
7340000,5,-2.21785,-5432.12,1.87167,0.35689,0.2758
7350000,3,-0.602941,-5428.96,1.81767,0.37172,0.268875
7360000,5,-2.13553,-5423.79,1.98532,0.391147,0.2661
7370000,3,-0.932319,-5426.5,2.08729,0.372361,0.274167
7380000,3,-1.45973,-5428.32,2.55013,0.371053,0.2622
7390000,5,-4.28487,-5418.95,2.17826,0.399606,0.2626
7400000,4,-3.57525,-5420.76,3.05061,0.369631,0.2575
7410000,3,-0.166467,-5430.15,1.55696,0.384412,0.2723
7420000,2,-0.181284,-5443.42,0.8408,0.38153,0.258192
7430000,2,-1.41634,-5438.54,2.30299,0.392437,0.272
7440000,2,-0.639869,-5441.57,1.2802,0.385604,0.2579
7450000,1,-0.888617,-5459.43,1.09607,0.382892,0.256387
7460000,0,-0.253342,-5462.88,0.253342,0.371065,0.2262
7470000,0,-0.424337,-5462.5,0.424337,0.387931,0.23866
7480000,4,-1.83256,-5422.55,2.1869,0.391281,0.2701
7490000,3,-0.131336,-5432.36,1.07741,0.38733,0.2647
7500000,4,0.426065,-5433.14,0.564575,0.377492,0.2595
7510000,3,-0.133654,-5425.64,1.35156,0.388905,0.2605
7520000,3,-3.36921,-5436.76,1.88152,0.380268,0.2756
7530000,1,-2.42227,-5454.5,2.83692,0.381771,0.257681
7540000,5,-4.59333,-5423.11,3.41096,0.368673,0.242975
7550000,3,-0.240741,-5429.11,1.45963,0.377182,0.2707
7560000,4,-0.771802,-5428.32,1.59532,0.37708,0.2528
7570000,5,-4.91591,-5420.24,4.30003,0.387049,0.2722
7580000,4,-2.03124,-5426.42,1.51265,0.368189,0.2746
7590000,3,-1.96498,-5426.32,3.29606,0.397382,0.2737
7600000,4,-2.44889,-5424.42,1.43805,0.375564,0.2699
7610000,3,-1.30562,-5435.04,0.845227,0.378231,0.274333
7620000,6,-5.20273,-5425.26,2.64011,0.379511,0.26115
7630000,6,-5.93264,-5423.04,3.80084,0.378151,0.2653
7640000,2,-0.894055,-5438.91,1.76746,0.363092,0.274
7650000,4,-3.73794,-5419.51,3.80487,0.384672,0.255475
7660000,5,-3.27521,-5422.72,2.70718,0.391859,0.2612
7670000,5,-8.78877,-5425.4,2.07043,0.377477,0.26389
7680000,7,-4.71268,-5427.95,4.29644,0.361727,0.2641
7690000,2,0.0914142,-5438.37,0.755775,0.362813,0.278533
7700000,4,-1.96848,-5420.88,2.3928,0.378459,0.2826
7710000,4,-1.97956,-5427.5,2.60859,0.38856,0.259
7720000,4,-1.74083,-5426.13,1.0867,0.366292,0.276725
7730000,4,-3.00604,-5441.94,3.45731,0.385675,0.2686
7740000,4,-0.630064,-5428.2,2.33154,0.368199,0.2731
7750000,5,-1.49463,-5417.99,1.97304,0.390901,0.274167
7760000,4,-1.7015,-5426.67,2.84951,0.369743,0.2688
7770000,3,-1.72319,-5425.9,2.8882,0.382119,0.26805
7780000,4,-5.62564,-5430.9,1.87366,0.373798,0.2584
7790000,3,0.456643,-5427.67,0.82325,0.360237,0.2613
7800000,4,-3.01964,-5425.62,2.82786,0.379718,0.2558
7810000,3,-0.280939,-5426.19,1.50763,0.389328,0.2586
7820000,2,0.36994,-5441.49,0.480271,0.35632,0.24985
7830000,3,-0.654303,-5425.01,1.81522,0.375662,0.268425
7840000,7,-5.65201,-5421.06,3.4235,0.355817,0.2609
7850000,3,-0.633905,-5429.89,1.79122,0.370186,0.2828
7860000,3,-1.38565,-5425.31,2.54776,0.369509,0.2682
7870000,3,-0.540093,-5431.99,1.76473,0.353548,0.2659
7880000,5,-3.34075,-5423.65,2.86082,0.393764,0.2622
7890000,6,-3.53017,-5422.5,2.90261,0.362576,0.2601
7900000,3,-0.701903,-5428.97,1.92906,0.382002,0.2737
7910000,5,-3.31483,-5416.19,2.0679,0.37942,0.2726
7920000,3,-2.89468,-5425.56,4.11212,0.381502,0.2629
7930000,4,-3.34121,-5426.31,2.73191,0.38435,0.2684
7940000,3,-2.94262,-5430.37,4.23736,0.376602,0.2623
7950000,5,-5.39198,-5422.34,5.51109,0.382925,0.2665
7960000,4,0.557437,-5423.69,0.876597,0.367206,0.275073
7970000,3,-2.24646,-5446.84,2.08783,0.379252,0.27595
7980000,2,-2.71926,-5439.94,3.32344,0.386829,0.2454
7990000,3,-2.62355,-5439.26,2.58034,0.38389,0.2476
8000000,3,-1.43211,-5438.08,2.07987,0.368165,0.2288
8010000,2,-0.866456,-5438.87,1.5479,0.377484,0.2397
8020000,1,0.136122,-5450.44,0.197887,0.379973,0.2219
8030000,1,0.0962571,-5453.74,0.18826,0.377942,0.2297
8040000,1,-0.300711,-5454.98,0.65027,0.397549,0.248714
8050000,3,-0.301275,-5430.44,1.36303,0.361065,0.25965
8060000,4,-1.57336,-5424.37,2.38518,0.378615,0.2705
8070000,2,-1.50255,-5437.11,2.33546,0.375558,0.2712
8080000,4,-1.78822,-5426.95,1.95478,0.37915,0.2631
8090000,4,-2.67623,-5431.96,1.61974,0.354223,0.2691
8100000,6,-4.6762,-5423.84,3.99839,0.363348,0.2729
8110000,3,-0.828171,-5441.24,1.42562,0.385987,0.2604
8120000,2,-0.383992,-5437.08,1.14177,0.381835,0.2626
8130000,3,-1.55429,-5426.89,2.67108,0.381463,0.261225
8140000,4,-5.55931,-5427.98,5.09885,0.370745,0.269
8150000,2,-1.67466,-5446.72,0.548824,0.394728,0.2684
8160000,2,0.424804,-5441.6,0.334264,0.377956,0.258026
8170000,5,-2.61338,-5426.6,4.01075,0.380104,0.265333
8180000,5,-4.41578,-5425.86,3.81072,0.381202,0.2699
8190000,3,-2.96412,-5427.87,4.12689,0.376324,0.2599
8200000,4,-4.33572,-5426.72,4.30729,0.378342,0.24415
8210000,3,-0.663391,-5426.83,1.83571,0.375532,0.25045
8220000,5,-5.60824,-5428.16,4.49836,0.38779,0.273
8230000,4,-2.20817,-5431.48,2.40323,0.397381,0.2614
8240000,2,-1.54786,-5441.36,2.39096,0.380126,0.259485
8250000,3,-0.0777987,-5426.83,1.25155,0.384997,0.2681
8260000,3,-1.02386,-5435.97,2.05934,0.377649,0.273333
8270000,4,-2.74741,-5426.77,3.17564,0.380892,0.27025
8280000,3,-0.525523,-5436.54,1.70338,0.378388,0.2699
8290000,4,-1.47939,-5422.09,3.11261,0.377359,0.2756
8300000,3,0.00272652,-5436.33,1.03235,0.371522,0.2708
8310000,5,-1.93308,-5422.4,2.33447,0.388948,0.263067
8320000,3,0.350629,-5426.97,0.912049,0.392518,0.263
8330000,4,-2.68897,-5420.52,2.2072,0.381117,0.2669
8340000,3,-2.14956,-5434.56,1.26158,0.379903,0.253884
8350000,3,-2.43706,-5427.71,3.5399,0.396443,0.2649
8360000,3,-0.796195,-5429.84,1.8735,0.373332,0.281633
8370000,4,-2.30241,-5425.61,1.96177,0.352631,0.2737
8380000,1,-2.53148,-5461.48,1.39323,0.388962,0.253886
8390000,3,-4.39301,-5438.89,2.34119,0.389573,0.2525
8400000,4,-2.18624,-5439.9,1.47602,0.38293,0.2539
8410000,2,0.336952,-5438.75,0.3267,0.383644,0.2379
8420000,2,-0.664545,-5437.01,1.42634,0.378486,0.255683
8430000,3,-2.4201,-5426.17,3.74008,0.380048,0.267967
8440000,4,-2.58566,-5426.29,2.40959,0.395478,0.259233
8450000,2,0.0587574,-5442.69,0.608735,0.381545,0.264629
8460000,4,-0.175795,-5428,1.39973,0.387767,0.2699
8470000,4,-1.36067,-5421.86,1.51407,0.375557,0.271733
8480000,4,-3.84222,-5426.68,2.84401,0.37704,0.2771
8490000,3,-3.31414,-5425.01,4.43541,0.383847,0.2604
8500000,5,-6.22862,-5419.31,2.74243,0.372501,0.2677
8510000,3,-0.266536,-5425.76,1.46669,0.373639,0.2589
8520000,4,-3.5308,-5424.22,2.78106,0.392684,0.268375
8530000,3,-1.85199,-5427.49,3.05174,0.376442,0.2549
8540000,4,-1.24076,-5422.44,1.94624,0.365957,0.2639
8550000,5,-1.77923,-5424.19,1.96045,0.377588,0.2623
8560000,1,-2.35822,-5461.04,0.658383,0.370784,0.258055
8570000,2,0.204171,-5446.44,0.576931,0.407014,0.2692
8580000,5,-4.55015,-5424.61,4.28083,0.371987,0.274533
8590000,3,0.50305,-5427.82,0.609615,0.391306,0.2635
8600000,3,0.448669,-5423.6,0.793892,0.377989,0.2621
8610000,3,-1.83016,-5448.7,0.365792,0.373389,0.26235
8620000,6,-5.54929,-5425.84,4.08024,0.391231,0.26575
8630000,3,-0.722905,-5425.94,1.96181,0.364576,0.2656
8640000,4,-4.25489,-5438.2,1.89782,0.373539,0.259186
8650000,3,-0.294056,-5436.11,1.01706,0.379373,0.25475
8660000,4,-2.73057,-5425.51,3.43102,0.380425,0.2652
8670000,4,-2.99453,-5423.61,2.16144,0.372414,0.2576
8680000,3,-1.80254,-5427.58,3.05888,0.380175,0.27345
8690000,3,-0.496343,-5425.48,1.72689,0.382042,0.2724
8700000,3,0.0373109,-5424.92,1.14525,0.383988,0.268133
8710000,4,-2.52565,-5425.09,1.83237,0.384824,0.27125
8720000,3,-0.687996,-5430.57,1.79153,0.377308,0.2668
8730000,5,-3.86772,-5436.69,3.18442,0.368932,0.256437
8740000,3,-3.13243,-5440.6,3.14173,0.362941,0.263729
8750000,2,0.100917,-5439.45,0.580006,0.381423,0.25498
8760000,2,-0.88705,-5439.2,1.50036,0.381274,0.2453
8770000,4,-3.37359,-5424.67,3.70602,0.39504,0.27032
8780000,3,-1.46896,-5426.3,2.69756,0.381306,0.2632
8790000,4,-0.168889,-5426.56,1.57795,0.389378,0.2679
8800000,3,0.152897,-5425.73,1.03553,0.370347,0.2647
8810000,4,-3.26449,-5418.9,3.47597,0.382745,0.2747
8820000,2,0.27545,-5439.78,0.438781,0.376061,0.247517
8830000,5,-1.80582,-5426.92,2.71638,0.375077,0.27415
8840000,3,-4.07779,-5434.07,2.97176,0.381698,0.25116
8850000,3,-1.29911,-5424.91,2.46419,0.376649,0.26295
8860000,4,-4.57665,-5423.11,3.93867,0.370587,0.2643
8870000,3,-0.749552,-5424.85,1.94432,0.372994,0.256229
8880000,3,-1.17163,-5428.5,2.35012,0.373291,0.2737
8890000,3,-1.62483,-5426.67,2.86273,0.373229,0.2741
8900000,7,-6.6706,-5424.35,4.09974,0.381428,0.276475
8910000,5,-0.356931,-5426.56,1.48438,0.388961,0.27905
8920000,6,-3.38349,-5429.37,3.88582,0.387109,0.2751
8930000,4,-3.67423,-5426.27,4.20152,0.372244,0.2709
8940000,3,-0.349564,-5427.02,1.52817,0.375515,0.2662
8950000,5,-4.87979,-5419.19,4.80212,0.383047,0.2711
8960000,4,-4.13847,-5424.98,4.4087,0.380028,0.262083
8970000,4,-2.81514,-5420.6,3.32633,0.369917,0.2654
8980000,3,-1.78726,-5430.58,2.72792,0.382201,0.2601
8990000,3,-0.799728,-5428.59,2.06667,0.377624,0.26245
9000000,3,-1.73257,-5426.78,2.93732,0.365254,0.2607
9010000,4,-2.51375,-5424.25,3.02999,0.365136,0.267667
9020000,4,-0.320994,-5433.63,0.823463,0.365907,0.284
9030000,3,0.51032,-5428.62,0.689322,0.370345,0.272
9040000,3,-4.41345,-5443.05,2.55684,0.376616,0.2732
9050000,3,-0.69,-5427.23,1.86303,0.38161,0.277
9060000,5,-1.73299,-5423.55,2.04798,0.372473,0.2601
9070000,2,-2.15387,-5439.12,3.07352,0.374061,0.28474
9080000,4,-4.71456,-5427.48,4.10842,0.377991,0.2896
9090000,4,-1.32121,-5424.09,1.52899,0.382273,0.2752
9100000,4,-1.16952,-5424.06,1.38518,0.36864,0.2543
9110000,4,-3.04317,-5420.92,2.08533,0.369778,0.2687
9120000,3,0.0662954,-5425.7,1.08437,0.371507,0.2674
9130000,4,-2.89788,-5424.38,2.56416,0.398819,0.2633
9140000,3,-1.29705,-5427.11,2.44272,0.38022,0.256766
9150000,4,-1.11413,-5421.3,1.30101,0.378555,0.2776
9160000,3,0.698521,-5429.33,0.478744,0.378186,0.277375
9170000,5,-3.74521,-5426.15,2.2802,0.388654,0.2763
9180000,3,-4.90577,-5434.99,3.73886,0.389607,0.2687
9190000,5,-4.78599,-5421.01,5.10314,0.371462,0.2613
9200000,4,-3.13914,-5424.61,3.18764,0.37199,0.2643
9210000,4,-0.268726,-5423.16,1.8974,0.387659,0.2507
9220000,3,-0.728595,-5438.47,1.78016,0.377756,0.260079
9230000,3,0.281464,-5429.26,0.85997,0.391168,0.24776
9240000,5,-1.78486,-5428.91,1.74611,0.389384,0.264
9250000,3,-0.804984,-5425.49,1.93547,0.377711,0.262467
9260000,3,-1.36421,-5424.96,2.54783,0.375642,0.27865
9270000,4,-3.33487,-5422.11,2.81499,0.378954,0.259914
9280000,3,-0.800334,-5437.08,1.99237,0.37814,0.2819
9290000,3,-0.858666,-5428.15,1.98015,0.373502,0.2703
9300000,3,-0.214318,-5427.48,1.40049,0.393273,0.2701
9310000,3,-0.937073,-5426.69,2.08814,0.380913,0.2686
9320000,4,-3.71036,-5428.13,4.60756,0.39831,0.2703
9330000,3,-1.36335,-5429.55,2.49031,0.367643,0.2623
9340000,6,-4.56738,-5424.35,3.60422,0.369651,0.2699
9350000,3,0.102157,-5429.78,1.01426,0.386202,0.26209
9360000,3,-1.65805,-5430.94,2.80183,0.376357,0.272117
9370000,3,-1.88258,-5431.3,3.0855,0.375951,0.2609
9380000,3,-1.1982,-5441.19,1.60193,0.382868,0.2642
9390000,4,-2.97226,-5425.36,3.1118,0.381656,0.2689
9400000,3,-0.660922,-5424.95,1.89681,0.365781,0.2758
9410000,3,-2.42111,-5430.25,3.54157,0.393229,0.2699
9420000,5,-1.70781,-5435.09,1.50572,0.377868,0.269067
9430000,4,-2.38442,-5422.09,2.53468,0.377876,0.26355
9440000,4,-3.53337,-5423.07,2.4713,0.396044,0.2678
9450000,2,-0.609547,-5439.82,1.35665,0.395177,0.253273
9460000,4,-0.812502,-5433.27,2.03074,0.383928,0.2611
9470000,3,-1.88389,-5426.92,2.99442,0.374337,0.271833
9480000,4,-0.387627,-5428.04,1.79469,0.371686,0.27035
9490000,4,-1.26522,-5428.35,2.30438,0.397325,0.272486
9500000,6,-6.95212,-5421.84,6.38147,0.375461,0.2813
9510000,4,-4.8315,-5421.86,3.67215,0.369845,0.2786
9520000,3,-0.863359,-5425.68,2.04711,0.367791,0.28064
9530000,3,0.399646,-5426.34,0.900128,0.370013,0.27225
9540000,4,-1.94289,-5427.26,2.40515,0.402851,0.2729
9550000,3,0.511397,-5430.9,0.511433,0.358498,0.2648
9560000,4,-1.7776,-5428.13,1.21136,0.40579,0.286375
9570000,3,-0.412963,-5427.27,1.57773,0.373853,0.27455
9580000,3,-0.649948,-5427.93,1.7219,0.376965,0.2667
9590000,3,-0.72453,-5432.28,1.72618,0.392258,0.2683
9600000,5,-4.8381,-5418.9,3.78714,0.386717,0.26415
9610000,3,-0.229656,-5426.83,1.4348,0.371446,0.2624
9620000,4,-3.03728,-5434.86,3.76839,0.375878,0.2675
9630000,3,-1.88615,-5437.73,2.10362,0.380382,0.255762
9640000,3,-2.19517,-5434.75,1.95376,0.375071,0.26778
9650000,4,-1.90209,-5426.76,2.43348,0.365295,0.2574
9660000,3,-0.558137,-5434.29,1.62316,0.387468,0.2657
9670000,1,-0.546589,-5452.99,0.858406,0.383481,0.26575
9680000,1,-0.720962,-5450.79,1.03686,0.379266,0.28165
9690000,4,-0.192051,-5430.84,1.34602,0.367998,0.262338
9700000,3,-0.762965,-5427.09,1.94436,0.376766,0.2706
9710000,3,-3.51393,-5438.49,2.35724,0.375011,0.271233
9720000,3,1.09913,-5426.76,0.144582,0.369419,0.2653
9730000,8,-5.23416,-5425.1,3.77828,0.364372,0.271567
9740000,5,-3.21458,-5424.52,3.92141,0.389655,0.27905
9750000,4,-2.15531,-5424.83,2.48592,0.388404,0.27605
9760000,4,-0.581799,-5429.72,0.900494,0.383675,0.2633
9770000,4,-2.29696,-5419.8,1.98861,0.369729,0.2717
9780000,3,0.314992,-5427.66,0.896938,0.389962,0.270514
9790000,5,-4.20819,-5430.11,3.53095,0.403635,0.270067
9800000,4,-2.25844,-5420.33,2.26896,0.374305,0.27885
9810000,3,-2.42713,-5425.35,3.65657,0.391277,0.2739
9820000,3,-0.450129,-5427.87,1.57751,0.379843,0.2616
9830000,4,-1.17855,-5422.82,1.34443,0.38038,0.2879
9840000,4,-1.80071,-5425.67,1.95834,0.378843,0.2691
9850000,3,-0.842431,-5425.83,2.09538,0.38582,0.2778
9860000,4,-2.2837,-5427.68,2.85014,0.355782,0.280456
9870000,5,-1.67375,-5426.99,1.94949,0.378243,0.28215
9880000,3,-0.653093,-5426.62,1.88447,0.374657,0.2748
9890000,3,-0.374004,-5427.92,1.4441,0.386618,0.260477
9900000,3,-0.481447,-5425.3,1.65754,0.366015,0.27715
9910000,3,-2.81435,-5425.3,3.93603,0.373407,0.277
9920000,4,-1.70572,-5423.02,2.31842,0.37081,0.2719
9930000,3,-0.269631,-5430.91,1.52366,0.367098,0.2662
9940000,4,-1.74977,-5424.4,1.5006,0.403655,0.2565
9950000,3,-0.279975,-5426.29,1.48669,0.38953,0.26596
9960000,3,-2.42092,-5427.71,3.58918,0.381322,0.2626
9970000,3,-0.723306,-5426.96,2.02626,0.375337,0.2747
9980000,3,-1.90338,-5433.15,2.85642,0.365476,0.2565
9990000,3,-1.40343,-5426.65,2.55651,0.378627,0.2782
