generation,N_shifts,logPrior,logLik,eventRate,preservationRate,acceptRate
0,0,-1,-9544.94,1,0.43,0
10000,4,-1.68502,-5445.32,2.19732,0.373316,0.279172
20000,4,-3.86322,-5429.52,2.32951,0.390328,0.283486
30000,5,-7.23173,-5419.46,4.56637,0.363828,0.2825
40000,6,-3.54555,-5426.67,3.08098,0.387845,0.2828
50000,4,-2.68233,-5422.04,3.04441,0.38237,0.2713
60000,4,-1.86044,-5422.17,1.41749,0.374154,0.2587
70000,4,-1.12818,-5431.96,2.15823,0.366175,0.279686
80000,5,-2.80648,-5426.46,3.55291,0.384408,0.26945
90000,3,-1.54536,-5428.54,2.67805,0.386533,0.2716
100000,3,-0.763654,-5426.52,1.86316,0.380796,0.2625
110000,5,-2.5263,-5422.38,2.67692,0.389846,0.272
120000,4,-4.86466,-5424.4,2.40011,0.377981,0.267
130000,3,-3.58432,-5430.16,4.59987,0.373431,0.273117
140000,3,-1.65814,-5429.22,2.8542,0.387163,0.2544
150000,4,-0.574769,-5429.31,1.51015,0.390815,0.2751
160000,3,0.139847,-5426.29,1.12513,0.38249,0.2596
170000,4,-2.34914,-5428.48,2.4489,0.370175,0.2586
180000,3,-2.31382,-5424.35,3.5051,0.382205,0.2789
190000,3,-2.27584,-5429.24,3.52719,0.367095,0.2613
200000,3,-5.36493,-5437.75,4.00751,0.368632,0.26375
210000,6,-2.54349,-5421.94,0.846358,0.387341,0.25427
220000,5,-1.49523,-5426.62,1.90575,0.368909,0.2774
230000,3,-1.91716,-5429.89,3.17947,0.375055,0.2766
240000,4,-1.49708,-5425.5,1.97786,0.368725,0.2586
250000,4,-2.24146,-5429.6,2.53715,0.401232,0.2663
260000,3,-1.41085,-5429.43,2.56608,0.372833,0.2456
270000,4,-1.44192,-5423.5,1.9806,0.370588,0.2586
280000,3,-1.34043,-5430.82,2.47226,0.38331,0.262
290000,3,-0.313417,-5428.17,1.52877,0.401929,0.270886
300000,3,-2.62528,-5434.34,3.78295,0.382624,0.263
310000,4,-2.75866,-5431.24,3.52796,0.385071,0.256782
320000,3,-1.20201,-5426.37,2.35889,0.373822,0.27505
330000,5,-3.96937,-5423.72,2.0441,0.377874,0.279667
340000,3,-1.43637,-5430.09,2.51355,0.376764,0.27785
350000,4,-3.0416,-5429.39,1.77653,0.382945,0.2759
360000,4,-0.474373,-5426.34,1.31582,0.390676,0.2532
370000,4,-3.52037,-5426.82,3.07904,0.371886,0.273183
380000,4,-3.45612,-5424.71,3.49813,0.397316,0.2642
390000,3,-0.156198,-5428.75,1.16029,0.386445,0.2714
400000,4,-4.22029,-5426.51,4.33482,0.370304,0.271533
410000,4,0.250515,-5424.83,0.702316,0.384936,0.258
420000,3,-0.854185,-5434.21,2.07352,0.3562,0.254889
430000,3,0.752263,-5433.61,0.481035,0.382858,0.2693
440000,3,-3.67383,-5435.1,1.97505,0.374856,0.256167
450000,3,-3.25558,-5431.5,4.2861,0.380237,0.2558
460000,3,-0.58981,-5436.61,1.39511,0.367129,0.282
470000,3,-1.2655,-5426.64,2.40511,0.37696,0.258452
480000,4,-2.38962,-5427.93,2.62216,0.388613,0.272267
490000,3,0.828013,-5426.41,0.340919,0.390956,0.27155
500000,3,-1.82084,-5427.39,2.88896,0.381496,0.2775
510000,3,-1.16878,-5429.95,2.30859,0.387124,0.2706
520000,4,-0.541708,-5424.86,1.44061,0.379334,0.260685
530000,3,-0.930751,-5429.8,2.09696,0.383161,0.27365
540000,4,-2.24989,-5423.95,2.38112,0.373741,0.2648
550000,4,-4.68145,-5420.45,3.92256,0.368804,0.265367
560000,5,-1.43482,-5420.66,2.15965,0.392293,0.2688
570000,4,-4.27188,-5434.39,3.75503,0.376549,0.2694
580000,3,-1.83632,-5426.7,3.03504,0.38254,0.2525
590000,4,-1.98179,-5424.81,1.7482,0.364621,0.271533
600000,4,-1.57011,-5427.41,2.5528,0.37798,0.263
610000,3,-1.74479,-5434.73,1.6916,0.382921,0.273789
620000,3,-1.60575,-5433.26,2.7048,0.376152,0.2616
630000,3,-1.69129,-5427.89,2.72073,0.364206,0.26984
640000,4,-5.80849,-5419.94,3.25566,0.365788,0.2727
650000,4,-4.64245,-5420.52,4.41429,0.387251,0.2727
660000,4,-0.731447,-5422.66,1.33619,0.376048,0.2747
670000,3,0.327992,-5423.63,0.849069,0.373034,0.2776
680000,2,0.0495787,-5440.65,0.627362,0.370607,0.28056
690000,2,-0.718384,-5438.72,1.55091,0.390079,0.2583
700000,4,-2.11338,-5435.29,2.00223,0.387026,0.255904
710000,6,-5.96835,-5417.93,3.15715,0.38807,0.27485
720000,3,-0.415454,-5430.78,1.67972,0.380139,0.262009
730000,3,-0.0594218,-5428.72,1.19289,0.360634,0.2827
740000,3,-2.4587,-5426.27,3.63439,0.393843,0.267167
750000,4,-1.04855,-5427.74,1.50128,0.394847,0.27068
760000,3,-1.0096,-5430.11,2.09007,0.369371,0.2746
770000,5,-4.02298,-5426.06,3.44046,0.385716,0.2584
780000,3,-2.00669,-5427.67,3.18732,0.372823,0.2611
790000,4,-2.29803,-5427.5,2.99226,0.372271,0.2727
800000,1,-0.441908,-5451,0.973036,0.37507,0.259785
810000,4,-4.71535,-5437.24,3.50484,0.370175,0.247233
820000,3,-2.13633,-5437.15,3.20075,0.389871,0.268867
830000,3,0.0539504,-5428.07,1.28985,0.362506,0.2634
840000,3,0.410371,-5425.33,0.799557,0.387752,0.276945
850000,3,-1.65893,-5433.64,2.6985,0.367562,0.2706
860000,2,-1.7551,-5447.64,0.706245,0.37169,0.27066
870000,4,-2.90743,-5426.11,2.85502,0.376308,0.273
880000,3,-1.39181,-5426.85,2.4838,0.392197,0.2617
890000,4,-3.99847,-5440.52,3.41234,0.382093,0.271489
900000,3,0.803279,-5428.86,0.330942,0.37763,0.27085
910000,3,-4.76891,-5436.7,4.30737,0.365581,0.27305
920000,2,-1.15445,-5441.96,1.98901,0.36282,0.2721
930000,3,-2.26356,-5427.67,3.41175,0.39264,0.2767
940000,3,-0.0729445,-5425.45,1.16743,0.389188,0.2627
950000,3,-0.048275,-5429.67,1.33631,0.400156,0.264
960000,2,-2.08283,-5453.14,1.52429,0.36833,0.2526
970000,1,-0.438022,-5453.38,0.726592,0.395107,0.2729
980000,5,-7.71444,-5428.08,3.98648,0.379604,0.286067
990000,4,-3.06593,-5432.41,4.10905,0.388022,0.2991
1000000,4,-1.55124,-5432.3,2.03292,0.379651,0.3009
1010000,3,-0.619621,-5434.54,1.88226,0.381107,0.3011
1020000,4,-4.02173,-5426.01,2.98594,0.380882,0.2882
1030000,2,-0.596086,-5439.24,1.39635,0.370038,0.276267
1040000,2,0.175523,-5447.62,0.741971,0.349271,0.2657
1050000,4,-3.18813,-5438.16,2.35225,0.369484,0.25344
1060000,4,-2.17965,-5423.04,2.45311,0.383266,0.2639
1070000,3,-0.128684,-5438.86,1.29847,0.385855,0.2697
1080000,4,-1.81316,-5428.74,2.61543,0.382555,0.2628
1090000,3,-3.27287,-5437.28,2.78988,0.391957,0.245086
1100000,2,-2.16385,-5438.12,2.8174,0.378896,0.2451
1110000,6,-4.23516,-5416.86,3.73968,0.380188,0.273733
1120000,3,-0.181052,-5424.96,1.41195,0.371477,0.2585
1130000,4,-0.698796,-5429.92,1.72185,0.360322,0.2679
1140000,4,-2.11236,-5424.14,3.01161,0.36783,0.2687
1150000,4,-2.26711,-5427.18,2.91231,0.400774,0.2746
1160000,3,-1.16475,-5427.19,2.2342,0.371795,0.2532
1170000,4,-2.93453,-5423.74,2.15286,0.379939,0.275
1180000,3,0.452725,-5433.29,0.717189,0.38366,0.2613
1190000,3,-0.387772,-5427.78,1.67867,0.385472,0.2779
1200000,6,-4.00119,-5428.68,2.6861,0.367589,0.265
1210000,3,-0.294935,-5426.81,1.57527,0.389798,0.271636
1220000,3,-0.466319,-5424.42,1.59463,0.370783,0.261
1230000,4,-4.03545,-5425.81,4.99319,0.370353,0.2713
1240000,3,-0.233947,-5428.39,1.4181,0.365803,0.271
1250000,3,-1.3817,-5437.95,1.24633,0.377098,0.27582
1260000,3,-3.38417,-5438.73,3.21042,0.370017,0.262487
1270000,3,0.278372,-5425.21,0.943,0.384902,0.2698
1280000,5,-4.06535,-5420.58,2.46573,0.366315,0.2743
1290000,4,-4.46659,-5430.3,3.28894,0.380062,0.283075
1300000,3,-0.295029,-5429.12,1.52897,0.375421,0.2748
1310000,3,0.263645,-5427.11,0.851484,0.397534,0.2659
1320000,3,-2.50722,-5438.25,2.34789,0.355933,0.296167
1330000,2,-0.423046,-5437.91,1.12819,0.365927,0.259856
1340000,3,-1.33808,-5434.64,1.48554,0.374746,0.277967
1350000,3,-0.092689,-5430.84,1.21403,0.360029,0.273
1360000,3,-0.507651,-5428.98,1.61102,0.367957,0.2535
1370000,3,0.175833,-5426.33,0.978268,0.385845,0.2737
1380000,3,-0.0356051,-5424.71,1.24567,0.378563,0.2853
1390000,4,-2.84915,-5423.38,1.75434,0.391775,0.2713
1400000,5,-3.22809,-5425.78,3.39043,0.384783,0.255514
1410000,3,-0.363419,-5428.23,1.63934,0.374087,0.2783
1420000,4,-1.41939,-5427.45,2.11899,0.395818,0.2766
1430000,3,0.788411,-5423.84,0.472805,0.374978,0.2643
1440000,5,-3.29752,-5417.12,2.17332,0.368898,0.27306
1450000,4,-1.40959,-5422.69,1.44221,0.374919,0.2812
1460000,3,-0.916535,-5425.82,2.16346,0.393098,0.2728
1470000,3,-0.225123,-5428.86,1.43806,0.380057,0.26132
1480000,4,-1.03228,-5427.22,2.00164,0.374125,0.261809
1490000,4,-1.77644,-5423.99,3.32893,0.38214,0.266
1500000,4,-0.575262,-5426.75,1.19385,0.3596,0.27565
1510000,4,-3.54248,-5421.14,3.57861,0.377631,0.26565
1520000,3,-0.597737,-5428.64,1.75884,0.371571,0.2739
1530000,9,-10.0282,-5410.09,7.0006,0.365322,0.277325
1540000,3,-1.55559,-5425.15,2.80153,0.371981,0.2723
1550000,3,-0.999179,-5428.62,2.08539,0.365409,0.263875
1560000,3,-0.0619514,-5423.1,1.23106,0.373845,0.27715
1570000,3,-2.46329,-5427.87,3.62674,0.368634,0.2688
1580000,2,-2.63521,-5441.02,3.24008,0.373622,0.2493
1590000,3,-0.830574,-5428.51,2.06452,0.39628,0.2842
1600000,4,-2.11527,-5420.56,1.86596,0.374813,0.2676
1610000,4,-1.1105,-5432.98,0.880439,0.373399,0.272333
1620000,2,-1.72589,-5439.83,2.32563,0.368151,0.2402
1630000,4,-5.53699,-5422.95,5.53832,0.364336,0.267167
1640000,3,-1.08829,-5429.36,2.32931,0.395731,0.2643
1650000,5,-3.25387,-5418.53,2.17044,0.374855,0.267
1660000,4,-0.654373,-5436.19,1.51761,0.373573,0.2655
1670000,0,-1.7853,-5462.25,1.7853,0.37294,0.24174
1680000,1,0.270749,-5454.01,0.0492081,0.358276,0.270967
1690000,3,-1.19248,-5434.55,2.2611,0.406292,0.26845
1700000,3,-0.945693,-5428.83,2.13635,0.369003,0.2494
1710000,3,-1.19341,-5427.82,2.42971,0.387583,0.2572
1720000,5,-4.52689,-5429.29,3.11766,0.36218,0.26115
1730000,3,-1.40481,-5426.14,2.61725,0.368813,0.27085
1740000,3,0.149169,-5430.08,1.10415,0.374434,0.2675
1750000,4,-4.64208,-5425.53,4.78013,0.383845,0.2737
1760000,3,-1.09802,-5432.64,2.22445,0.389482,0.2626
1770000,3,-0.781443,-5433.73,1.78235,0.382873,0.2681
1780000,3,-3.03983,-5440.55,1.1505,0.409077,0.2546
1790000,3,-1.35482,-5424.83,2.48205,0.377578,0.24425
1800000,4,-1.19942,-5424.06,1.02156,0.368685,0.2615
1810000,4,-3.4867,-5421.07,3.28558,0.37955,0.262
1820000,3,0.1485,-5433.41,1.033,0.345728,0.2581
1830000,3,0.517741,-5435.21,0.655427,0.368812,0.2711
1840000,2,-0.246965,-5442.56,1.01807,0.38765,0.259719
1850000,4,-1.64591,-5424.14,1.34636,0.385994,0.26505
1860000,1,-3.37295,-5452.12,3.69219,0.382347,0.255879
1870000,4,-0.819147,-5432.94,1.45882,0.351861,0.248544
1880000,3,-1.31297,-5437.73,1.12135,0.379953,0.2667
1890000,4,-2.41045,-5423.35,1.8214,0.372045,0.2664
1900000,3,-2.03559,-5437.42,1.77717,0.380591,0.257875
1910000,4,-2.96559,-5426.35,3.3799,0.376632,0.2854
1920000,5,-4.68175,-5422,2.89609,0.36351,0.2722
1930000,4,-1.4981,-5427.16,2.90565,0.376316,0.2615
1940000,3,-0.00604788,-5434.87,1.13456,0.365024,0.2629
1950000,3,-1.43069,-5434.77,2.41829,0.358235,0.2645
1960000,4,-2.32582,-5427.28,3.61431,0.392984,0.253683
1970000,3,0.660408,-5430.11,0.458275,0.376014,0.268125
1980000,4,-2.92674,-5427.12,2.45358,0.358062,0.2694
1990000,3,-0.179077,-5425.43,1.30373,0.376011,0.2628
2000000,5,-3.27124,-5419.16,2.09234,0.380072,0.2683
2010000,3,-1.60279,-5429.33,2.79366,0.371002,0.2703
2020000,3,-1.14412,-5427.47,2.32451,0.376616,0.2669
2030000,3,-0.316268,-5430.41,1.5921,0.368846,0.271014
2040000,3,-1.46874,-5423.36,2.69379,0.377292,0.257063
2050000,3,-0.223858,-5432.55,1.2643,0.393572,0.2738
2060000,3,-1.50579,-5431.86,2.73148,0.397231,0.2723
2070000,3,-1.25768,-5429.1,2.47825,0.380716,0.271733
2080000,3,-2.76371,-5440.3,1.86736,0.369785,0.2648
2090000,4,-2.41397,-5438.19,3.50985,0.388765,0.2596
2100000,2,-0.293463,-5445.35,0.953913,0.366652,0.2693
2110000,4,-2.68572,-5419.62,2.49106,0.368743,0.269625
2120000,4,-3.10086,-5435.95,2.3786,0.375136,0.26055
2130000,4,-2.0568,-5425.8,2.22985,0.377044,0.26385
2140000,3,-1.67986,-5431.73,2.68934,0.383251,0.272
2150000,4,-3.0466,-5427.34,2.96425,0.369553,0.2676
2160000,3,-1.25274,-5426.89,2.4957,0.389128,0.266475
2170000,3,-2.3106,-5434.07,1.12471,0.384228,0.259145
2180000,4,0.0897272,-5423.69,1.01826,0.379093,0.2766
2190000,3,-1.74901,-5434.29,2.77196,0.382312,0.2574
2200000,4,-1.35267,-5430.92,2.43983,0.397082,0.27236
2210000,3,-0.423131,-5429.31,1.57637,0.382479,0.28025
2220000,5,-1.42882,-5425.53,2.30991,0.35876,0.27785
2230000,3,0.696033,-5423.76,0.525177,0.381319,0.2776
2240000,4,-1.02316,-5425.4,2.34173,0.375557,0.2862
2250000,3,-0.113058,-5427.46,1.33387,0.391478,0.278533
2260000,4,-3.52142,-5429.59,2.96953,0.35886,0.2724
2270000,5,-3.32217,-5425.72,3.44708,0.373718,0.27665
2280000,3,-0.976036,-5427.4,2.25659,0.379225,0.2719
2290000,4,0.478352,-5432.07,0.715992,0.391793,0.2767
2300000,3,-0.0406377,-5428.55,1.17227,0.365678,0.2732
2310000,4,-4.21021,-5426.43,2.03425,0.399772,0.27565
2320000,3,-0.599539,-5425.57,1.87232,0.37722,0.2728
2330000,2,-6.02067,-5452.87,3.80558,0.372537,0.270487
2340000,3,-0.448323,-5424.71,1.72648,0.370283,0.2661
2350000,3,-2.7829,-5426.24,3.90701,0.368162,0.2638
2360000,3,-0.905228,-5426.89,2.08061,0.373723,0.2637
2370000,3,-1.01064,-5431.44,2.02238,0.384804,0.2707
2380000,3,0.677989,-5427.03,0.446374,0.380291,0.274713
2390000,3,-4.8264,-5428,5.91133,0.381256,0.2639
2400000,3,-2.37879,-5425.16,3.54237,0.377772,0.275033
2410000,3,0.230795,-5426.69,0.899182,0.376868,0.2632
2420000,3,0.326611,-5425.59,0.830585,0.375453,0.2755
2430000,3,0.572422,-5434.79,0.563298,0.374338,0.266
2440000,5,-4.78595,-5418.8,4.57232,0.380207,0.271267
2450000,3,-1.19271,-5430.72,2.46165,0.393032,0.2606
2460000,3,-2.40982,-5428.61,3.72001,0.397619,0.2689
2470000,4,-0.140569,-5430.97,0.932772,0.382054,0.2539
2480000,5,-5.14339,-5425.26,4.07877,0.37564,0.2647
2490000,3,-0.586407,-5426.67,1.83225,0.378531,0.2665
2500000,4,-0.303996,-5428.24,0.795978,0.390075,0.2695
2510000,5,-6.35076,-5424.18,4.5942,0.389311,0.2643
2520000,3,-1.26614,-5427.74,2.29557,0.366231,0.2633
2530000,4,-2.08141,-5422.75,2.03796,0.402759,0.2549
2540000,4,-3.64285,-5424.71,2.5743,0.379106,0.2619
2550000,5,-1.96841,-5426.83,3.22306,0.380585,0.275
2560000,4,-2.00805,-5429.84,2.80101,0.38553,0.274585
2570000,2,-0.39796,-5441.65,0.941641,0.381851,0.2505
2580000,2,-0.826876,-5438.68,1.52735,0.390556,0.2408
2590000,3,-1.42345,-5438.6,0.841843,0.367804,0.264753
2600000,4,-1.68234,-5421.11,1.75881,0.37498,0.272275
2610000,4,-5.73653,-5425.17,5.90746,0.371313,0.244167
2620000,2,-3.26905,-5445.34,4.09786,0.361415,0.27575
2630000,4,-1.16076,-5422.55,1.72589,0.368795,0.26635
2640000,3,-1.68677,-5430.94,2.88889,0.391093,0.27826
2650000,4,-5.37203,-5432.15,2.83448,0.370877,0.270733
2660000,3,-3.33192,-5446.67,0.934837,0.373953,0.255
2670000,5,-6.48033,-5447.97,3.08885,0.379199,0.260376
2680000,4,-2.97875,-5431.14,3.11878,0.367145,0.2657
2690000,3,-0.454559,-5428.94,1.56583,0.377112,0.2644
2700000,5,-1.75781,-5426.31,1.59964,0.357831,0.2598
2710000,3,-1.30827,-5428.13,2.50839,0.384492,0.263
2720000,4,-1.61372,-5424.39,1.27492,0.379311,0.27336
2730000,3,0.90328,-5425.41,0.238501,0.378429,0.2705
2740000,4,-1.76423,-5422.63,1.98273,0.384564,0.267433
2750000,4,-5.13162,-5420.88,2.46179,0.393675,0.2706
2760000,3,-2.34941,-5426.78,3.54811,0.375136,0.263436
2770000,4,-2.25586,-5426.05,2.97766,0.38163,0.274975
2780000,5,-2.71592,-5427.13,2.87676,0.384081,0.270733
2790000,4,-5.08291,-5429.51,4.64933,0.374849,0.26215
2800000,6,-8.42648,-5421.93,6.48897,0.36247,0.2582
2810000,4,-4.58847,-5421.56,4.28654,0.378888,0.26736
2820000,5,-0.92166,-5424.01,1.05532,0.372452,0.2668
2830000,4,-0.37117,-5424.14,1.8631,0.380301,0.2695
2840000,3,-1.97303,-5435.77,2.98112,0.364011,0.2756
2850000,6,-4.98448,-5419.36,3.50821,0.378988,0.261
2860000,4,-2.05813,-5424.05,2.90473,0.368333,0.277225
2870000,3,-0.897438,-5428.98,1.96737,0.38351,0.273867
2880000,3,-0.945439,-5428.1,2.09843,0.386341,0.26595
2890000,5,-2.43827,-5420.83,2.5173,0.392298,0.272625
2900000,2,-0.357317,-5440.56,1.03669,0.396134,0.253867
2910000,2,-0.0210804,-5440.71,0.567939,0.379977,0.244
2920000,6,-4.38073,-5420.17,2.25341,0.376594,0.264067
2930000,4,-2.81036,-5423.22,2.04637,0.381082,0.2654
2940000,3,-0.529569,-5424.31,1.80446,0.382624,0.2629
2950000,4,-2.07444,-5427.69,2.81328,0.384708,0.2683
2960000,4,-3.0999,-5427.43,2.58635,0.391512,0.25912
2970000,3,0.663377,-5428.68,0.508079,0.377708,0.2683
2980000,3,-0.903321,-5424.69,2.04099,0.391421,0.2564
2990000,4,-0.489167,-5430.1,1.06036,0.386531,0.2756
3000000,5,-4.51404,-5421.63,3.10288,0.37143,0.2755
3010000,5,-1.97775,-5428.13,3.05295,0.390961,0.271
3020000,3,-0.0922306,-5430.43,1.17085,0.377297,0.2579
3030000,3,-0.18964,-5427.94,1.3318,0.369968,0.26
3040000,3,0.0334831,-5426.51,1.12692,0.384745,0.2579
3050000,4,-2.90386,-5423.23,1.86464,0.377842,0.2676
3060000,4,-4.46343,-5420,1.57388,0.377747,0.266243
3070000,4,-0.162361,-5425.92,1.64626,0.380816,0.2686
3080000,4,-1.85295,-5429.36,3.21939,0.399164,0.2544
3090000,4,-1.3722,-5431.42,2.07132,0.38524,0.26645
3100000,4,-0.775991,-5430.85,1.54722,0.390508,0.2695
3110000,4,-4.26443,-5421.38,4.40812,0.387048,0.2624
3120000,4,-3.05066,-5421.32,2.42277,0.381536,0.2632
3130000,5,-4.07085,-5425.61,4.92807,0.377436,0.27325
3140000,5,-2.39725,-5420.77,2.80831,0.372136,0.2701
3150000,3,-0.0132397,-5425.17,1.33021,0.389566,0.2681
3160000,3,-1.89141,-5426.9,3.0974,0.385014,0.258914
3170000,5,-3.46215,-5425.67,1.5929,0.378094,0.2747
3180000,3,-1.48021,-5425.71,2.60989,0.38346,0.277
3190000,3,-0.252229,-5427.04,1.53593,0.383885,0.2703
3200000,3,-0.579322,-5432.05,1.67528,0.364593,0.2732
3210000,5,-3.71164,-5417.24,2.90942,0.373149,0.2679
3220000,3,-2.29289,-5425.51,3.54769,0.373694,0.273257
3230000,3,-0.200551,-5427.28,1.37549,0.375403,0.272333
3240000,3,0.656485,-5427.99,0.515566,0.371763,0.2694
3250000,3,-0.62732,-5436.95,1.63846,0.358571,0.2659
3260000,4,-1.79974,-5424.06,2.44047,0.392125,0.272367
3270000,4,-6.41924,-5423.4,3.26249,0.373993,0.2779
3280000,5,-5.87706,-5427.85,3.97873,0.401592,0.2676
3290000,3,-3.10964,-5431.29,4.31968,0.381988,0.264
3300000,4,-2.39983,-5421.95,1.35342,0.395484,0.2555
3310000,4,-2.79071,-5426.92,2.88987,0.416816,0.253578
3320000,3,-3.61423,-5426.61,4.83302,0.377626,0.2747
3330000,4,-1.22305,-5422.51,1.54012,0.382327,0.2677
3340000,3,-1.38735,-5425.34,2.61336,0.379402,0.274175
3350000,5,-2.42759,-5422.68,3.05026,0.388837,0.2759
3360000,4,-5.8526,-5424.64,3.3476,0.390213,0.258205
3370000,3,-1.17861,-5427.59,2.30339,0.386983,0.27665
3380000,5,-5.80737,-5423.25,6.89274,0.384371,0.26772
3390000,3,-1.24535,-5428.44,2.28415,0.394883,0.272167
3400000,4,-3.50743,-5423.17,1.94452,0.360144,0.2684
3410000,4,-0.338592,-5431.62,0.813455,0.362242,0.2748
3420000,3,-0.862087,-5433.56,1.86254,0.394823,0.26975
3430000,3,-1.64912,-5440.5,2.70367,0.369797,0.26125
3440000,4,-4.30416,-5421.84,2.98996,0.382608,0.269867
3450000,4,-3.52096,-5428.35,2.5787,0.378227,0.2679
3460000,4,-1.82544,-5427.97,1.63704,0.380329,0.263775
3470000,4,-2.87963,-5424.35,3.36562,0.388682,0.2666
3480000,6,-3.30058,-5419.34,2.09976,0.38475,0.259505
3490000,4,-3.31687,-5429.95,2.39725,0.377034,0.2765
3500000,3,0.0656559,-5427.58,1.11397,0.389252,0.2741
3510000,3,-2.45916,-5426.58,3.68492,0.38912,0.2752
3520000,3,-0.66011,-5431.2,1.8739,0.367472,0.27175
3530000,3,-2.01472,-5429.36,3.18195,0.381821,0.2681
3540000,3,-0.520118,-5425.9,1.72782,0.380137,0.2639
3550000,4,-2.10336,-5424.74,2.16857,0.388944,0.2736
3560000,5,-2.53766,-5427.82,2.48401,0.376651,0.2632
3570000,3,0.824507,-5426.39,0.364732,0.381191,0.26295
3580000,3,-0.0683602,-5430.57,1.15023,0.364643,0.2574
3590000,4,-3.99505,-5425.42,3.7666,0.372237,0.265967
3600000,5,-3.25963,-5431.74,4.24359,0.374335,0.2729
3610000,5,-2.7218,-5418.89,3.66562,0.366145,0.2704
3620000,3,-1.21511,-5425.82,2.30454,0.384884,0.275333
3630000,3,0.0339025,-5427.16,1.16496,0.357215,0.2842
3640000,4,0.355712,-5422.94,0.848982,0.371201,0.274175
3650000,3,0.108368,-5424.4,1.04398,0.382252,0.27545
3660000,3,-0.0827427,-5426.22,1.19458,0.374427,0.2752
3670000,3,-0.192414,-5427.34,1.30048,0.385195,0.2707
3680000,4,-3.6312,-5424.62,3.08679,0.381819,0.2661
3690000,3,-0.357743,-5430.81,1.40581,0.369337,0.2695
3700000,3,-2.1105,-5424.41,3.30049,0.384224,0.2678
3710000,3,0.118933,-5428.37,1.07679,0.371154,0.257
3720000,3,-0.409031,-5427.47,1.45462,0.378422,0.266046
3730000,3,-1.88418,-5424.75,3.08288,0.378015,0.2741
3740000,3,-1.36247,-5426.06,2.49181,0.377494,0.2681
3750000,3,-0.298373,-5426.34,1.48675,0.386592,0.2547
3760000,4,-1.86132,-5425.63,2.70621,0.388412,0.2718
3770000,3,-2.47822,-5429.53,3.57755,0.364924,0.2773
3780000,4,-3.39037,-5422.06,1.31497,0.405551,0.2661
3790000,5,-3.63287,-5426.12,2.37107,0.4081,0.25835
3800000,3,-2.11834,-5431.62,3.19448,0.371949,0.2592
3810000,2,-0.467511,-5440.45,1.10667,0.363759,0.266229
3820000,5,-6.06649,-5425.43,5.61501,0.38016,0.2586
3830000,4,-2.75886,-5433.12,2.81177,0.388796,0.2737
3840000,4,-0.491608,-5429.39,1.56019,0.376976,0.2722
3850000,3,-1.39137,-5430.13,2.43424,0.380439,0.284
3860000,4,-1.05973,-5432.8,1.97599,0.377249,0.267052
3870000,3,-0.507933,-5434.77,1.5672,0.378163,0.2731
3880000,1,0.0814183,-5451.77,0.249129,0.389743,0.2471
3890000,3,-1.15275,-5426.95,2.35047,0.391647,0.265567
3900000,2,-0.406842,-5439.95,1.11635,0.395681,0.26774
3910000,3,0.839258,-5425.65,0.362522,0.385374,0.2622
3920000,3,0.835235,-5427.18,0.373478,0.38204,0.2624
3930000,5,-3.45188,-5423.31,2.61782,0.376611,0.2666
3940000,3,0.253372,-5431.79,0.780113,0.384682,0.2595
3950000,3,0.544305,-5426.21,0.729685,0.386546,0.2641
3960000,4,-1.42702,-5426.18,2.23851,0.388604,0.2913
3970000,4,-3.90507,-5421.23,2.95013,0.377954,0.26786
3980000,2,-1.34715,-5456.92,1.49871,0.368998,0.246262
3990000,3,-0.456439,-5427.75,1.58742,0.38119,0.2786
4000000,2,-0.334852,-5449.88,1.04552,0.380326,0.2608
4010000,4,-3.11068,-5422.27,3.00131,0.389848,0.278
4020000,5,-4.34851,-5426.82,2.95581,0.372266,0.2607
4030000,3,-0.34712,-5431.6,1.47169,0.369378,0.2673
4040000,4,-1.0948,-5431.87,2.24483,0.364514,0.2598
4050000,4,-2.72864,-5441.41,2.94616,0.390458,0.2651
4060000,3,-1.77768,-5447.38,0.760057,0.357355,0.282
4070000,3,-2.1261,-5435.78,3.21775,0.387064,0.2663
4080000,4,-1.05043,-5424.92,2.53771,0.373834,0.2584
4090000,4,-6.00784,-5421.47,4.31607,0.379546,0.2666
4100000,3,-0.373556,-5428.33,1.4417,0.386927,0.27152
4110000,4,-0.942562,-5424.66,1.91108,0.382159,0.2646
4120000,4,-2.44492,-5423.58,2.91399,0.379221,0.272667
4130000,3,-1.70038,-5429.05,2.95928,0.362959,0.27665
4140000,4,-4.63622,-5422.73,2.35238,0.365937,0.260144
4150000,2,-1.02954,-5438.26,1.86282,0.374423,0.2751
4160000,3,-2.62016,-5426.21,3.79564,0.379548,0.26775
4170000,3,-0.539957,-5432.84,1.80279,0.367946,0.2703
4180000,3,-1.20147,-5439.21,1.79711,0.389044,0.274
4190000,3,-2.61589,-5427.34,3.92104,0.37079,0.26715
4200000,3,-0.518785,-5425.08,1.68673,0.377062,0.26485
4210000,6,-4.35453,-5420.64,4.53403,0.378309,0.2662
4220000,3,-0.847415,-5431.88,1.90799,0.376463,0.264
4230000,3,0.32805,-5434.39,0.964843,0.386709,0.272967
4240000,3,-0.713371,-5429.94,1.69928,0.378486,0.2715
4250000,3,-2.23824,-5429.48,3.41703,0.383042,0.2691
4260000,3,-0.461049,-5426.63,1.59038,0.382769,0.26675
4270000,3,-0.400255,-5432.85,1.44003,0.386458,0.27305
4280000,4,-1.83518,-5424.56,2.58888,0.379134,0.2692
4290000,3,-0.226066,-5428.05,1.43444,0.380532,0.2666
4300000,3,-0.325855,-5432.21,1.42586,0.37031,0.2682
4310000,6,-6.46252,-5429.78,6.19885,0.379892,0.2374
4320000,3,-0.735281,-5426.87,1.96332,0.384925,0.260761
4330000,3,-0.0324909,-5429.78,1.1727,0.364715,0.2703
4340000,4,-2.87021,-5428.42,3.31033,0.362695,0.2736
4350000,3,0.35254,-5428.03,0.825135,0.368541,0.2585
4360000,2,-0.840861,-5441.3,1.46695,0.392844,0.24214
4370000,3,-2.84551,-5434.94,2.5889,0.380244,0.242
4380000,3,-0.85066,-5429.12,2.02584,0.390278,0.269367
4390000,3,-0.721214,-5425.57,1.91536,0.376545,0.2563
4400000,5,-5.15966,-5422.3,3.19757,0.398877,0.2653
4410000,3,-0.135175,-5425.63,1.37864,0.364838,0.2544
4420000,2,-0.463348,-5439.36,1.22711,0.376023,0.259886
4430000,2,-1.11725,-5438.55,1.89363,0.384341,0.259947
4440000,2,-1.33674,-5441.47,1.94328,0.382081,0.2578
4450000,4,-3.04482,-5432.66,1.88747,0.397575,0.2611
4460000,2,0.273474,-5439.54,0.526138,0.386652,0.2693
4470000,5,-2.17036,-5428.84,2.93936,0.370723,0.267367
4480000,2,-1.67952,-5441.28,2.4767,0.377255,0.2488
4490000,3,-0.714734,-5426.01,1.92223,0.368529,0.268733
4500000,3,-1.48552,-5428.08,2.70628,0.393294,0.2662
4510000,4,-1.85255,-5427.56,1.61598,0.385661,0.2718
4520000,3,-0.549157,-5425.74,1.81849,0.373552,0.2728
4530000,3,-1.47107,-5427.01,2.69994,0.39082,0.2688
4540000,4,-1.7976,-5424.6,2.47457,0.377753,0.2698
4550000,4,-0.800565,-5425.72,2.27425,0.386734,0.27495
4560000,4,-2.50915,-5422.46,3.03882,0.382409,0.2604
4570000,3,0.00973122,-5433.91,1.1668,0.382672,0.2721
4580000,4,-2.7561,-5423.42,3.22278,0.37646,0.250695
4590000,3,0.478393,-5425.7,0.698173,0.369018,0.2748
4600000,5,-2.51305,-5417,2.21467,0.382336,0.272133
4610000,3,-1.47111,-5433.42,2.5413,0.349856,0.2696
4620000,3,0.563945,-5424.83,0.646697,0.369737,0.2652
4630000,4,-1.44631,-5424.58,1.69079,0.386746,0.25795
4640000,4,-2.20299,-5422.33,2.19821,0.373945,0.2692
4650000,3,-1.84236,-5429.15,2.90164,0.382261,0.2777
4660000,3,0.452896,-5428.16,0.647275,0.373628,0.2633
4670000,3,0.184026,-5433.05,0.836152,0.376964,0.270767
4680000,4,-1.07327,-5432.67,2.10246,0.381849,0.2621
4690000,3,-2.06806,-5423.87,3.21159,0.382778,0.268967
4700000,6,-4.38102,-5415.73,3.00839,0.374248,0.2603
4710000,4,-3.45665,-5423.86,1.99869,0.380066,0.261563
4720000,4,-3.20602,-5424.36,3.58867,0.389071,0.28
4730000,3,-1.54095,-5438.9,1.61872,0.389546,0.27035
4740000,6,-2.70024,-5423.64,2.18946,0.380708,0.25755
4750000,2,-2.29288,-5445.5,1.44669,0.383754,0.260867
4760000,4,-4.00615,-5443.47,2.11375,0.370113,0.262125
4770000,4,-4.49572,-5441,1.65832,0.386042,0.2519
4780000,3,-0.129668,-5435.86,1.22328,0.381872,0.2649
4790000,2,-0.2289,-5444.09,1.17348,0.378268,0.2836
4800000,3,0.219221,-5427.37,0.93502,0.378291,0.26124
4810000,4,-2.16689,-5424.5,2.26001,0.379244,0.2638
4820000,3,-0.498016,-5425.25,1.67054,0.366691,0.2735
4830000,5,-2.6852,-5427.84,2.50284,0.374491,0.2669
4840000,6,-4.4407,-5421.45,5.56277,0.389209,0.2673
4850000,3,-0.574079,-5431.31,1.84244,0.362515,0.2592
4860000,3,0.448255,-5433.99,0.602815,0.378095,0.2719
4870000,5,-1.18113,-5431.89,1.75763,0.391959,0.2727
4880000,4,-1.30195,-5424.27,2.49721,0.380628,0.2712
4890000,4,-0.443007,-5423.8,1.15918,0.377426,0.273691
4900000,4,-4.08697,-5425.89,5.00961,0.364054,0.27635
4910000,2,-0.40324,-5438.45,1.30437,0.35824,0.2815
4920000,5,-5.50525,-5434.96,3.88462,0.384851,0.271
4930000,4,-2.07832,-5432.33,3.61346,0.373904,0.2706
4940000,4,-1.46589,-5437.36,1.87912,0.376107,0.2606
4950000,4,-6.94176,-5423.71,2.61327,0.372025,0.26625
4960000,4,-1.21362,-5427.54,2.16203,0.381385,0.27075
4970000,4,-2.30333,-5433.52,2.64206,0.37972,0.2522
4980000,3,-1.60623,-5427.89,2.76114,0.382465,0.2662
4990000,5,-4.69354,-5425.56,4.50148,0.375009,0.27405
5000000,3,0.233155,-5424.79,0.911084,0.385523,0.2644
5010000,5,-2.5964,-5419.73,2.40277,0.377829,0.2748
5020000,4,-1.42276,-5428.6,2.48051,0.383388,0.2689
5030000,3,-0.564377,-5426.41,1.74161,0.369285,0.257
5040000,5,-3.77399,-5425.52,2.20193,0.390973,0.2598
5050000,3,-1.67457,-5427.21,2.86815,0.376493,0.2601
5060000,3,-1.18152,-5431.45,2.39512,0.362382,0.266
5070000,4,-4.0845,-5428.68,3.83481,0.390319,0.2712
5080000,4,-2.89431,-5432.32,2.26026,0.379845,0.264917
5090000,4,-1.89305,-5428.02,1.49734,0.374911,0.2856
5100000,3,-0.860163,-5431.82,2.0627,0.380728,0.2926
5110000,4,-1.13296,-5435.09,1.97099,0.378761,0.2908
5120000,3,0.226849,-5427.19,1.03945,0.368402,0.26052
5130000,3,0.380071,-5432.59,0.68756,0.348681,0.273
5140000,3,-4.02882,-5433.9,2.3356,0.36722,0.2694
5150000,5,-4.23753,-5425.4,3.74046,0.385564,0.263275
5160000,5,-5.2864,-5433.75,4.06985,0.391106,0.260788
5170000,4,-1.33005,-5426.08,1.50667,0.375213,0.2596
5180000,4,-2.65224,-5426.36,2.36555,0.371096,0.2683
5190000,3,-0.892279,-5425.59,1.97708,0.375014,0.2708
5200000,3,-1.09476,-5424.11,2.32072,0.383109,0.2769
5210000,5,-3.79669,-5418.88,3.40752,0.379213,0.273733
5220000,6,-3.50962,-5420.05,2.49138,0.373483,0.2761
5230000,3,-2.61152,-5429.19,3.76941,0.374546,0.2454
5240000,4,-3.58929,-5423.71,2.83894,0.37057,0.26468
5250000,4,-1.28057,-5424.41,0.711685,0.373779,0.2722
5260000,3,0.446733,-5423.45,0.794529,0.376489,0.2703
5270000,4,-1.25757,-5425.94,2.73872,0.376989,0.257533
5280000,4,-2.95036,-5430.14,2.35675,0.371026,0.2871
5290000,5,-3.15183,-5420.5,2.8889,0.375382,0.27375
5300000,5,-2.26664,-5423.46,2.63494,0.363335,0.2758
5310000,3,-0.00450594,-5428.81,1.15192,0.37955,0.2776
5320000,4,-0.959551,-5428.31,1.83412,0.382968,0.2602
5330000,3,-0.670669,-5426.96,1.86279,0.363586,0.2728
5340000,6,-2.9008,-5423.57,3.2165,0.391544,0.2614
5350000,5,-2.847,-5420.92,2.05138,0.383558,0.2776
5360000,3,-0.721046,-5427.76,1.80209,0.395145,0.2587
5370000,4,-1.76567,-5426.6,3.26426,0.379744,0.271822
5380000,4,-1.60048,-5426.84,2.20487,0.394176,0.2594
5390000,4,-1.18275,-5429.73,1.34246,0.39682,0.2599
5400000,4,-2.75791,-5433.3,3.2346,0.382688,0.271125
5410000,4,-0.152168,-5425.94,1.31554,0.390176,0.282
5420000,4,-3.10537,-5422.86,3.03879,0.399426,0.2843
5430000,3,-0.918302,-5427.72,1.9483,0.381688,0.258025
5440000,8,-6.20435,-5420.35,2.77433,0.372654,0.2709
5450000,3,0.22907,-5426.61,0.884951,0.37486,0.2784
5460000,4,-4.79455,-5420.12,2.76803,0.380549,0.281
5470000,5,-1.98423,-5427.41,3.01061,0.382771,0.28074
5480000,3,-0.16458,-5433.43,1.30756,0.353191,0.265465
5490000,5,-3.64835,-5423.94,2.47793,0.359936,0.27865
5500000,3,-1.71651,-5430.73,2.87021,0.360811,0.2697
5510000,3,-0.470685,-5430.56,1.50516,0.38857,0.2798
5520000,5,-0.58062,-5424.51,0.960066,0.370521,0.2666
5530000,5,-2.66332,-5421.43,2.08099,0.362423,0.258175
5540000,4,-3.66582,-5421.59,2.79593,0.378293,0.2537
5550000,3,-2.0326,-5426.45,3.26294,0.379262,0.286433
5560000,4,-1.53938,-5420.37,1.79449,0.372143,0.27455
5570000,4,-3.38585,-5424.14,2.73319,0.388717,0.2695
5580000,4,-6.30773,-5423.39,6.32937,0.361761,0.2663
5590000,3,-2.14464,-5429.89,3.26874,0.383878,0.2686
5600000,4,-1.28436,-5422.91,1.92762,0.386899,0.2678
5610000,4,-4.01223,-5421.8,4.1056,0.384812,0.2685
5620000,2,-1.66206,-5448.34,1.56324,0.38513,0.267014
5630000,2,-1.58504,-5456.83,1.23536,0.360146,0.2648
5640000,3,-1.32778,-5437.88,1.83114,0.367681,0.264537
5650000,2,0.0520026,-5440.68,0.524833,0.379412,0.2501
5660000,2,-1.29587,-5438.55,2.07647,0.378803,0.2404
5670000,2,-0.753669,-5438.8,1.49429,0.371248,0.2335
5680000,3,-1.07256,-5436.4,1.39045,0.392336,0.244875
5690000,4,-2.77699,-5436.27,2.53915,0.389184,0.251778
5700000,3,-4.24468,-5437.41,2.682,0.398348,0.2433
5710000,3,-2.34948,-5436.35,1.75207,0.374921,0.2539
5720000,3,-3.77268,-5436.2,1.85727,0.376945,0.245033
5730000,2,-0.531164,-5443.25,1.09709,0.385108,0.2322
5740000,3,-0.142816,-5427.93,1.34064,0.385409,0.243729
5750000,3,0.790996,-5426.51,0.472247,0.382944,0.25595
5760000,5,-1.05695,-5425.71,1.63967,0.374366,0.26065
5770000,4,-1.37632,-5432.58,2.11841,0.390963,0.252075
5780000,4,-2.44483,-5422.81,3.49054,0.370888,0.27395
5790000,4,-3.33569,-5423.34,3.69871,0.360266,0.2648
5800000,3,-0.530277,-5425.6,1.7612,0.383267,0.2691
5810000,3,-0.257085,-5432.96,1.40931,0.376467,0.25748
5820000,4,-2.98414,-5424.54,1.99144,0.3686,0.2603
5830000,4,-3.76115,-5426.82,3.92281,0.386883,0.2565
5840000,2,-0.150009,-5442.72,0.698896,0.365084,0.2483
5850000,4,0.588035,-5429.68,0.422569,0.389819,0.26495
5860000,3,0.719816,-5426.45,0.553364,0.375942,0.2615
5870000,4,-3.32004,-5420.61,2.69538,0.374729,0.2664
5880000,3,-1.06433,-5427.35,2.28674,0.39434,0.2732
5890000,3,-2.16087,-5426.29,3.43593,0.383348,0.26335
5900000,3,-2.12897,-5428.03,3.25261,0.366079,0.267
5910000,4,-1.11147,-5422.41,1.31268,0.380835,0.2665
5920000,4,-2.44784,-5424.31,1.25559,0.362668,0.26916
5930000,4,-1.56175,-5424.12,1.71684,0.380259,0.2653
5940000,2,-0.765879,-5446.21,0.952024,0.384623,0.257426
5950000,3,-1.53287,-5425.77,2.7887,0.380324,0.266675
5960000,3,-1.21269,-5427.89,2.44024,0.37677,0.2592
5970000,1,-0.486049,-5456.29,0.903225,0.391741,0.2897
5980000,2,-0.341222,-5437.78,0.974014,0.372734,0.24055
5990000,2,-0.748497,-5441.98,1.33677,0.36772,0.2422
6000000,3,-1.54441,-5436.82,1.24748,0.394004,0.2431
6010000,3,-0.290432,-5428.48,1.51343,0.36995,0.2445
6020000,5,-2.88482,-5422.9,1.61282,0.38699,0.2654
6030000,4,-0.184354,-5428.25,1.81693,0.40385,0.2676
6040000,3,-2.03407,-5429.34,3.03466,0.378952,0.272067
6050000,4,-2.02235,-5427.27,1.76712,0.392981,0.2686
6060000,3,-1.80017,-5428.63,3.01787,0.390505,0.2648
6070000,4,-3.8454,-5422.48,2.59015,0.376065,0.2747
6080000,4,-1.31841,-5424.96,2.19785,0.378898,0.2713
6090000,3,-2.21747,-5428.64,3.4867,0.38006,0.2785
6100000,3,0.415415,-5433.87,0.601538,0.368842,0.2651
6110000,4,-3.50943,-5441.61,1.17,0.374636,0.260062
6120000,3,-1.2069,-5428.54,2.29057,0.367233,0.252158
6130000,3,-1.71796,-5427.93,2.7974,0.379799,0.2731
6140000,8,-6.49758,-5416.2,4.74395,0.370705,0.270175
6150000,5,-4.41216,-5430.1,1.53578,0.380644,0.2716
6160000,4,-2.71972,-5425.57,2.39029,0.386569,0.27295
6170000,3,-0.213597,-5427.48,1.23505,0.385975,0.2696
6180000,3,0.699188,-5425.37,0.466893,0.362122,0.270267
6190000,4,-1.19992,-5429.98,1.54088,0.39714,0.25256
6200000,3,-0.818041,-5429.96,1.93805,0.367837,0.2757
6210000,3,-2.28612,-5425.31,3.50329,0.374833,0.2532
6220000,4,-1.28085,-5428.31,2.09878,0.370828,0.2653
6230000,3,-1.16808,-5425.99,2.3389,0.375657,0.2684
6240000,6,-2.09988,-5418.43,1.58969,0.372856,0.2601
6250000,3,-1.02971,-5426.32,2.29861,0.386821,0.276562
6260000,5,-5.85695,-5426.13,3.16041,0.368998,0.2713
6270000,4,-4.50814,-5427.64,3.89712,0.384346,0.278343
6280000,3,-1.51342,-5430.79,2.58845,0.36828,0.2667
6290000,3,-0.24448,-5427.12,1.47601,0.367245,0.2727
6300000,3,-1.42959,-5424.76,2.65593,0.368859,0.26635
6310000,3,-0.0237276,-5430.28,1.04532,0.370779,0.2662
6320000,4,-1.5371,-5424.11,2.08661,0.379602,0.2705
6330000,4,-3.47817,-5438.3,2.34805,0.368329,0.257171
6340000,6,-6.31162,-5426.32,2.7228,0.383696,0.2907
6350000,4,-5.75438,-5435.6,2.67067,0.380541,0.290233
6360000,3,0.370771,-5430.25,0.736372,0.376803,0.259714
6370000,3,-3.39339,-5427.87,4.63368,0.390623,0.254954
6380000,3,-1.35507,-5427.61,2.5496,0.385888,0.2655
6390000,6,-4.38859,-5421.71,2.56642,0.399235,0.27612
6400000,3,-1.51591,-5425.46,2.71657,0.362638,0.2627
6410000,4,-3.37038,-5418.72,2.69773,0.37547,0.267633
6420000,5,-6.18791,-5428.39,3.25178,0.37725,0.27495
6430000,3,-0.64453,-5436.41,1.60007,0.396174,0.26635
6440000,6,-4.82488,-5423.52,3.37052,0.394185,0.26915
6450000,4,-2.27921,-5426.3,2.76282,0.386978,0.2663
6460000,5,-2.19333,-5428,2.82068,0.376459,0.264956
6470000,3,-0.260123,-5430.24,1.44821,0.397286,0.273
6480000,5,-4.33292,-5428.19,1.70168,0.387576,0.27524
6490000,3,-0.311089,-5428.13,1.59415,0.374145,0.2686
6500000,4,-3.57613,-5425.3,4.07963,0.366224,0.2723
6510000,4,-4.55537,-5440.61,2.97785,0.368252,0.2566
6520000,3,-1.15689,-5439.51,1.83844,0.384631,0.267267
6530000,4,-0.39633,-5424.84,0.504676,0.402936,0.26515
6540000,3,0.0671669,-5429.04,1.1728,0.361803,0.2635
6550000,7,-8.28565,-5417.81,6.12563,0.37159,0.2556
6560000,3,-1.16677,-5431.22,2.24663,0.389297,0.2583
6570000,3,0.281476,-5425.75,0.995998,0.388928,0.270255
6580000,3,-0.126609,-5427.3,1.293,0.37012,0.2729
6590000,3,0.0371334,-5432.49,1.1332,0.358283,0.27055
6600000,3,-1.2054,-5434.7,0.65947,0.364459,0.263284
6610000,6,-6.72378,-5423.61,5.50961,0.387249,0.2666
6620000,3,-0.381987,-5432.05,1.34612,0.365723,0.2618
6630000,4,-1.57818,-5427.3,1.60202,0.360558,0.270367
6640000,4,-1.86099,-5424.28,1.80523,0.359666,0.2757
6650000,3,-0.36823,-5428.84,1.46496,0.383867,0.2718
6660000,4,-3.83874,-5419.55,3.15988,0.372331,0.2737
6670000,4,-1.62245,-5424.27,2.31305,0.382843,0.264
6680000,4,-5.54758,-5422.76,4.63077,0.371224,0.275633
6690000,3,-0.550767,-5424.6,1.7932,0.372062,0.2898
6700000,3,-0.251974,-5429.55,1.35154,0.362866,0.2756
6710000,3,-0.372871,-5429.83,1.36478,0.369053,0.2649
6720000,3,-0.792448,-5428.04,1.8634,0.381369,0.270467
6730000,4,-2.68438,-5425.61,2.41176,0.383235,0.26425
6740000,4,-2.86543,-5420.96,2.64557,0.383284,0.2617
6750000,4,-0.572796,-5426.69,1.52463,0.382054,0.268567
6760000,4,-3.80785,-5427.56,4.97536,0.372449,0.2688
6770000,4,-3.0528,-5425.56,2.88618,0.373893,0.2609
6780000,6,-5.37002,-5421.12,2.0654,0.385722,0.259438
6790000,3,-1.67959,-5427.22,2.82668,0.382874,0.26765
6800000,4,-3.36885,-5427.82,3.09512,0.356723,0.2588
6810000,3,-0.993068,-5441.41,1.88595,0.392482,0.252486
6820000,4,-3.08443,-5429.87,3.25007,0.396944,0.2653
6830000,3,-1.5201,-5424.3,2.68658,0.369864,0.25995
6840000,4,-1.48765,-5426.43,1.37701,0.385412,0.2664
6850000,3,0.457561,-5427.95,0.763539,0.377038,0.282267
6860000,8,-4.74107,-5415.64,3.23336,0.381821,0.2613
6870000,3,-1.34502,-5429.82,2.52226,0.36827,0.2737
6880000,5,-1.73806,-5420.53,2.44476,0.377005,0.270625
6890000,2,-1.54706,-5439.33,2.21171,0.380663,0.26645
6900000,2,-0.458896,-5440.28,1.11412,0.371762,0.2621
6910000,3,-2.61421,-5431.08,3.69992,0.361708,0.258885
6920000,4,-6.04395,-5428.21,5.6159,0.383338,0.271333
6930000,3,0.360142,-5425.85,0.887972,0.374145,0.2736
6940000,2,0.0869539,-5439.51,0.58886,0.386688,0.261733
6950000,5,-4.51599,-5424.42,3.88632,0.387928,0.26715
6960000,4,-1.43227,-5425.76,0.679788,0.38709,0.2602
6970000,3,0.552656,-5425.93,0.631532,0.364768,0.2678
6980000,4,-1.37332,-5423.91,2.58714,0.383152,0.2658
6990000,3,-1.60819,-5426.16,2.81976,0.3665,0.2671
7000000,3,-3.90425,-5440.27,3.2642,0.384541,0.270283
7010000,3,-2.21557,-5426.24,3.45817,0.363808,0.26865
7020000,3,-0.113559,-5426.37,1.27102,0.383774,0.2666
7030000,3,-0.448215,-5428.94,1.58296,0.388331,0.26175
7040000,4,-2.85001,-5427.54,2.93491,0.394662,0.2643
7050000,3,0.0656635,-5425.11,1.16022,0.369925,0.2602
7060000,5,-1.55975,-5416.55,1.37339,0.376558,0.274233
7070000,5,-4.82422,-5435.92,2.58054,0.368347,0.269135
7080000,3,0.649344,-5430.45,0.486695,0.370351,0.27305
7090000,3,0.228808,-5427.74,1.02824,0.380774,0.268975
7100000,3,0.599115,-5427.27,0.6187,0.367327,0.2648
7110000,4,-0.828738,-5424.53,1.53086,0.381379,0.2749
7120000,3,-0.435442,-5430.27,1.4961,0.3714,0.2571
7130000,4,-3.98646,-5423.99,3.46844,0.390856,0.2615
7140000,4,-7.14339,-5423.47,7.57521,0.380932,0.2664
7150000,4,-1.07255,-5424.79,0.964086,0.391435,0.276888
7160000,3,-2.11519,-5423.58,3.30643,0.382479,0.27855
7170000,3,-0.542777,-5431.29,1.74832,0.365494,0.2704
7180000,3,-1.0383,-5425.35,2.19221,0.378003,0.270333
7190000,3,0.481171,-5428.66,0.704838,0.390146,0.27765
7200000,3,-0.691542,-5429.97,1.92086,0.37832,0.2663
7210000,4,-2.79965,-5433.87,3.63895,0.384804,0.2697
7220000,5,-4.39321,-5424.92,2.10966,0.373591,0.2677
7230000,3,-0.824404,-5429.35,2.10514,0.393761,0.26186
7240000,5,-4.32811,-5421.73,4.44039,0.370414,0.262238
7250000,4,-2.46917,-5421.42,3.08714,0.379526,0.27115
7260000,4,-1.42695,-5425.53,1.7045,0.366917,0.26
7270000,3,-1.83317,-5428.96,2.89163,0.376289,0.268233
7280000,4,-0.88842,-5426.2,1.44728,0.362869,0.281214
7290000,4,-1.81158,-5421.95,2.24381,0.384122,0.2627
7300000,3,0.25707,-5430.24,0.731794,0.366815,0.268267
7310000,5,-2.14702,-5419.75,1.09684,0.395231,0.2673
7320000,3,-0.292291,-5427.96,1.39078,0.354354,0.2648
7330000,5,-3.70843,-5428.05,4.13129,0.386586,0.267475
7340000,3,-0.222207,-5429.25,1.36007,0.366129,0.2685
7350000,4,-2.07518,-5426.61,3.2045,0.372184,0.263833
7360000,3,-1.05881,-5441.28,0.482495,0.393573,0.26645
7370000,3,-1.8278,-5425.09,3.08918,0.376219,0.2739
7380000,4,-2.31438,-5433.72,3.60618,0.366786,0.2593
7390000,4,-0.511891,-5431.74,1.72608,0.375737,0.2578
7400000,3,-0.116192,-5427.71,1.37575,0.377993,0.2726
7410000,4,-1.3956,-5423.98,1.09105,0.362532,0.2699
7420000,3,-0.862013,-5439.66,1.70555,0.368635,0.2769
7430000,3,-0.0177325,-5427.53,1.18891,0.373736,0.2768
7440000,3,-1.1726,-5429.25,2.24877,0.391106,0.2767
7450000,5,-1.18933,-5428.52,2.20038,0.381875,0.2763
7460000,4,-0.747031,-5427.51,1.78827,0.381358,0.2688
7470000,4,-0.149845,-5424.28,1.16917,0.382047,0.264114
7480000,3,-0.795201,-5425.57,2.067,0.370747,0.2715
7490000,4,-4.60824,-5423.33,2.99028,0.372708,0.271667
7500000,3,-1.01925,-5427.66,2.18318,0.369498,0.27
7510000,3,0.403628,-5431.55,0.873383,0.370175,0.2682
7520000,4,-1.52114,-5429.41,1.7508,0.380937,0.2633
7530000,3,-0.106579,-5428.79,1.33669,0.368546,0.2711
7540000,4,-1.07796,-5428.72,1.56392,0.371954,0.2622
7550000,6,-3.30187,-5423.96,2.15696,0.383074,0.2609
7560000,3,0.025383,-5431.95,0.984936,0.396152,0.263
7570000,3,-1.18806,-5435.79,2.06998,0.386734,0.266733
7580000,3,0.254447,-5429.99,0.907934,0.361217,0.2733
7590000,4,-7.04758,-5424.44,7.14627,0.366792,0.2525
7600000,3,0.325999,-5425.6,0.855737,0.383784,0.2754
7610000,3,0.0401982,-5428.38,1.17398,0.370888,0.27662
7620000,5,-3.24981,-5423.02,2.9089,0.374653,0.267
7630000,5,-0.325193,-5419.33,1.70903,0.384491,0.2728
7640000,3,0.532448,-5427.92,0.599801,0.362136,0.2704
7650000,4,-1.59467,-5449.01,2.10087,0.380356,0.25916
7660000,2,-0.276896,-5443.49,0.979065,0.373674,0.261637
7670000,4,-3.47669,-5427.04,3.4286,0.377593,0.277267
7680000,3,-1.00049,-5426.15,2.27367,0.374874,0.265
7690000,2,-0.151609,-5440.48,1.08779,0.379037,0.2623
7700000,4,-3.42167,-5428.03,2.43104,0.40056,0.27205
7710000,4,-1.58266,-5423.66,1.97443,0.389966,0.2658
7720000,3,-1.52707,-5432.83,2.66934,0.357474,0.2728
7730000,4,-1.53969,-5425.78,1.44512,0.389204,0.278238
7740000,4,-2.46552,-5432.97,3.10649,0.386294,0.2775
7750000,3,0.508993,-5428.07,0.759209,0.382635,0.2725
7760000,5,-4.14304,-5417.29,3.14659,0.380454,0.2724
7770000,3,-0.637482,-5427.57,1.86614,0.386216,0.273875
7780000,3,-1.19079,-5428.72,2.32304,0.373959,0.26965
7790000,3,0.0154744,-5427.08,1.12022,0.376734,0.2728
7800000,4,-4.92116,-5420.63,4.06355,0.37543,0.271867
7810000,5,-2.52668,-5425.14,1.92786,0.391146,0.2685
7820000,3,-2.06519,-5437.22,1.0205,0.371886,0.2611
7830000,4,-0.652867,-5426.84,0.957649,0.376479,0.273557
7840000,3,0.293336,-5431.36,0.891623,0.375696,0.27714
7850000,4,-0.615836,-5423.89,1.16809,0.383425,0.2745
7860000,3,-2.78989,-5432.11,3.95691,0.352185,0.2688
7870000,3,-0.505358,-5428.45,1.76374,0.383944,0.2638
7880000,3,-1.15841,-5431.74,2.24857,0.372348,0.276
7890000,3,-0.165955,-5428.86,1.27318,0.368784,0.2787
7900000,3,-0.499982,-5430.46,1.68061,0.377686,0.2692
7910000,3,-1.72666,-5425.4,2.86124,0.380113,0.274214
7920000,3,-0.134137,-5428.24,1.33677,0.397376,0.2718
7930000,3,-1.11202,-5426.67,2.31921,0.38879,0.2672
7940000,3,-1.61722,-5427.69,2.81164,0.375705,0.272875
7950000,3,-0.280733,-5428.22,1.46855,0.383039,0.2627
7960000,3,-0.382599,-5426.55,1.53761,0.380464,0.2786
7970000,3,-0.612566,-5428.31,1.8019,0.378521,0.2791
7980000,3,-0.165264,-5439.07,0.721215,0.380469,0.28225
7990000,5,-6.1381,-5421.09,2.00946,0.373864,0.27315
8000000,3,-1.05731,-5430.22,2.13449,0.381281,0.2657
8010000,4,-1.40945,-5427.9,1.84842,0.386003,0.2576
8020000,3,-0.653108,-5433.53,1.96115,0.369401,0.2931
8030000,4,-2.03836,-5427.77,2.9044,0.373995,0.270486
8040000,3,-0.900631,-5426.74,2.13569,0.388364,0.2823
8050000,3,-0.260196,-5428.98,1.45569,0.374943,0.2613
8060000,5,-4.79345,-5420.15,4.07935,0.380953,0.269233
8070000,3,-0.955944,-5428.22,2.09655,0.374376,0.26725
8080000,4,-6.23392,-5424.28,4.4998,0.387037,0.2731
8090000,3,-0.133068,-5427.26,1.29889,0.378894,0.2604
8100000,4,-1.81662,-5427.85,1.42246,0.360783,0.263401
8110000,3,0.46596,-5426.6,0.741174,0.381632,0.2642
8120000,5,-4.81932,-5428.51,1.10993,0.364983,0.275133
8130000,3,-1.1635,-5436.7,1.98249,0.388217,0.2655
8140000,3,-0.963254,-5431.26,2.07711,0.374081,0.2822
8150000,5,-1.57615,-5430.31,2.9965,0.381146,0.256682
8160000,3,-1.88982,-5427.07,2.98709,0.374494,0.2724
8170000,3,0.432918,-5430.87,0.693397,0.38327,0.263336
8180000,3,-0.491617,-5426.53,1.66711,0.382579,0.2703
8190000,4,-2.09228,-5423.04,1.34899,0.369163,0.27078
8200000,3,-0.869091,-5433.3,2.02179,0.385519,0.270867
8210000,3,-0.872943,-5425.98,2.0363,0.38699,0.271
8220000,3,-0.347407,-5426.62,1.49986,0.383621,0.26705
8230000,3,-0.622385,-5434.26,1.72234,0.362417,0.2689
8240000,4,-6.56105,-5427.45,5.76457,0.372939,0.2669
8250000,5,-3.53748,-5421.54,3.34183,0.382604,0.2807
8260000,4,-0.904647,-5431.53,2.33501,0.383092,0.273471
8270000,3,-1.00007,-5428.04,2.14837,0.397953,0.27125
8280000,4,-6.0995,-5425.66,5.27505,0.378229,0.2567
8290000,3,-0.611471,-5431.21,1.84471,0.356664,0.261114
8300000,3,0.517884,-5426.78,0.572154,0.384992,0.26485
8310000,3,-2.0089,-5435.81,3.21018,0.352148,0.2622
8320000,4,-4.63004,-5423.25,4.26674,0.384392,0.270267
8330000,4,-2.92047,-5421.5,3.05323,0.380435,0.2615
8340000,4,-1.99772,-5424.05,2.27851,0.375133,0.264739
8350000,3,-1.21901,-5426.81,2.37149,0.374299,0.2723
8360000,4,-1.65309,-5424.02,1.55255,0.3578,0.261125
8370000,4,-0.470722,-5423.66,2.01023,0.389233,0.26885
8380000,3,0.18676,-5427.83,0.940196,0.395484,0.27788
8390000,3,0.452357,-5425.74,0.799506,0.364432,0.27475
8400000,4,-2.79748,-5425.61,2.83144,0.365326,0.271725
8410000,3,0.610587,-5430.32,0.622235,0.387576,0.2611
8420000,5,-3.67784,-5428.37,2.81191,0.373408,0.2788
8430000,3,-0.76466,-5438,1.82756,0.383255,0.2655
8440000,3,-0.76888,-5429.94,1.84945,0.396807,0.26912
8450000,3,-0.801226,-5430.87,1.88202,0.366853,0.262753
8460000,3,-0.55794,-5429.22,1.71084,0.379717,0.2597
8470000,3,-0.412974,-5427,1.64925,0.366548,0.2687
8480000,4,-1.95397,-5424.52,2.18395,0.371343,0.27335
8490000,4,-2.80925,-5426.62,1.88274,0.405303,0.2711
8500000,4,-2.42207,-5421.42,2.42181,0.366176,0.2599
8510000,3,-1.46533,-5429.23,2.6018,0.379067,0.2665
8520000,4,-0.970091,-5423.18,1.66609,0.392655,0.2625
8530000,4,-1.69479,-5426.16,2.03819,0.3667,0.2671
8540000,4,-1.33749,-5424.04,1.97108,0.368069,0.2598
8550000,4,-2.33163,-5425.58,1.66288,0.38836,0.253086
8560000,4,-3.52644,-5421.43,3.708,0.387352,0.2625
8570000,3,-1.07804,-5432.16,2.15655,0.377239,0.2705
8580000,3,-1.09351,-5426.23,2.29288,0.376481,0.2694
8590000,3,-0.709824,-5429.5,1.74121,0.363145,0.273075
8600000,3,0.0564828,-5429.63,1.08463,0.384881,0.27095
8610000,3,-1.70281,-5435.12,0.736634,0.38387,0.268513
8620000,3,-0.700672,-5428.22,1.7908,0.387614,0.2772
8630000,4,-2.00648,-5421.62,2.73408,0.381477,0.255
8640000,3,-0.582018,-5428.09,1.76622,0.370024,0.2693
8650000,4,-5.39958,-5420.28,4.28921,0.369459,0.2699
8660000,3,-1.36238,-5429.52,2.48834,0.379403,0.2623
8670000,5,-1.63383,-5420.68,1.34677,0.371743,0.264
8680000,3,-2.76864,-5435.16,3.01578,0.384113,0.265175
8690000,4,-0.834043,-5427.14,2.34581,0.380754,0.2692
8700000,3,-0.311939,-5430.91,1.37137,0.36703,0.2512
8710000,4,-5.1719,-5425.61,3.71005,0.38002,0.2617
8720000,7,-3.56897,-5425.18,2.30081,0.354837,0.2722
8730000,4,-4.75679,-5425.28,4.45024,0.392427,0.263646
8740000,2,-0.841615,-5438.93,1.43146,0.381588,0.2531
8750000,2,-1.64372,-5437.86,2.35364,0.382424,0.2586
8760000,3,0.261442,-5430.52,0.91259,0.390533,0.278533
8770000,5,-1.03689,-5427.87,1.23283,0.372973,0.2598
8780000,3,-1.73941,-5434.94,2.86583,0.376686,0.259667
8790000,4,-0.908731,-5427.28,1.93648,0.371591,0.277
8800000,5,-2.41102,-5421.11,2.39731,0.387562,0.2595
8810000,3,-1.74136,-5426.67,3.0422,0.398233,0.271375
8820000,3,-2.604,-5430.14,3.75112,0.382048,0.250915
8830000,3,0.431325,-5429.16,0.79317,0.380442,0.27195
8840000,4,0.157463,-5433.99,1.11704,0.38237,0.266
8850000,3,-2.42551,-5425.8,3.59016,0.399318,0.27334
8860000,5,-1.10812,-5423.05,2.43059,0.375334,0.2737
8870000,3,-1.487,-5426.74,2.63326,0.364063,0.266467
8880000,4,-2.18846,-5423.16,3.12709,0.380844,0.2551
8890000,1,0.302463,-5455.51,0.257363,0.378049,0.262176
8900000,4,-2.69172,-5434.26,2.36259,0.382511,0.270975
8910000,3,-0.459681,-5428.53,1.61279,0.368761,0.2536
8920000,4,-2.47457,-5422.81,2.36815,0.372764,0.2762
8930000,3,-1.29559,-5424.55,2.55302,0.37934,0.285625
8940000,4,-2.098,-5421.05,2.80155,0.376759,0.27805
8950000,3,-1.99793,-5429.44,3.01132,0.388962,0.272033
8960000,4,-1.82236,-5423.85,1.78895,0.382221,0.2723
8970000,4,-1.32164,-5421.72,0.927745,0.392987,0.2703
8980000,4,-1.54668,-5433.66,1.67146,0.362181,0.2791
8990000,3,0.275595,-5429.15,0.888147,0.385935,0.2748
9000000,4,-2.02365,-5421.88,2.60376,0.375212,0.276925
9010000,5,-3.4004,-5423.32,2.48923,0.391876,0.2701
9020000,5,-2.11091,-5419.78,2.97272,0.38266,0.271125
9030000,3,-0.908249,-5428.52,1.93996,0.365644,0.2641
9040000,3,-1.274,-5434.82,2.49087,0.386145,0.2559
9050000,4,-0.973714,-5424.56,1.08649,0.376149,0.2583
9060000,3,-0.113433,-5424.89,1.28124,0.380095,0.2737
9070000,5,-3.824,-5421.23,1.68891,0.363852,0.283943
9080000,4,-3.34751,-5425.7,2.75449,0.378236,0.2749
9090000,3,-0.759698,-5431.37,2.03811,0.387146,0.2611
9100000,3,-0.243255,-5432.49,1.33447,0.354446,0.274925
9110000,4,-3.72298,-5424.43,2.55497,0.369863,0.2682
9120000,3,0.277286,-5429.14,0.907723,0.376822,0.2603
9130000,4,-4.41767,-5435.59,4.7146,0.366893,0.2698
9140000,2,-2.29075,-5442.4,3.02518,0.373423,0.2674
9150000,3,-0.380422,-5425.8,1.52342,0.389123,0.2726
9160000,3,-1.12119,-5427.54,2.26242,0.376209,0.2733
9170000,3,-0.45006,-5425.77,1.68193,0.379183,0.256893
9180000,5,-2.41611,-5425.61,2.15703,0.37503,0.276
9190000,7,-5.29143,-5421.76,5.52118,0.390188,0.264
9200000,4,-0.235964,-5434.43,1.12644,0.375683,0.2601
9210000,1,-0.703026,-5456.54,0.893527,0.366513,0.261449
9220000,4,-1.23395,-5426.75,2.68084,0.387591,0.26295
9230000,4,-0.627848,-5427.63,1.63879,0.36944,0.2641
9240000,3,0.325365,-5428.17,0.809835,0.373225,0.27081
9250000,2,-1.41942,-5447.23,1.09785,0.377957,0.24615
9260000,2,0.211642,-5437.64,0.698804,0.38637,0.25533
9270000,4,-3.41793,-5444.9,3.27673,0.385427,0.2774
9280000,3,-0.121888,-5435.86,1.26188,0.376363,0.265
9290000,3,-0.0414371,-5429.77,1.19143,0.373102,0.2735
9300000,3,-1.5125,-5426.99,2.75733,0.389334,0.2704
9310000,4,-4.24572,-5422.15,2.93393,0.355531,0.2635
9320000,2,-0.129119,-5441.24,0.832491,0.398514,0.25755
9330000,2,-0.0401424,-5440.08,0.623767,0.386237,0.264644
9340000,4,-4.27673,-5423.67,3.99593,0.395578,0.269033
9350000,4,-2.92329,-5427.39,3.37332,0.377388,0.2586
9360000,3,0.395468,-5427.06,0.857086,0.384826,0.2617
9370000,3,-2.67407,-5439.84,3.58459,0.375909,0.2665
9380000,3,0.0750723,-5428.23,1.09403,0.365092,0.2576
9390000,3,0.364135,-5430.36,0.654181,0.358742,0.2668
9400000,6,-2.9509,-5419.45,2.88412,0.372857,0.2673
9410000,5,-5.34839,-5425.26,3.04466,0.382377,0.255312
9420000,5,-4.05085,-5427.22,4.3533,0.384693,0.2827
9430000,3,-4.21445,-5432.25,2.71768,0.389498,0.271467
9440000,6,-3.83999,-5432.93,2.16706,0.390247,0.246467
9450000,3,-1.01507,-5430.51,2.17391,0.375273,0.29005
9460000,6,-4.4515,-5426.12,3.96004,0.373469,0.2752
9470000,3,0.385288,-5430.35,0.685228,0.401014,0.2577
9480000,4,-2.43963,-5424.37,2.89886,0.376043,0.259556
9490000,3,-1.18761,-5432.63,2.20573,0.378985,0.2781
9500000,4,-0.168547,-5428.01,1.52327,0.381989,0.27615
9510000,4,-2.25011,-5432.37,2.37292,0.394866,0.2737
9520000,6,-4.69867,-5426.55,4.50843,0.382726,0.2762
9530000,4,-0.710839,-5432.14,1.55796,0.378937,0.272225
9540000,4,-1.98289,-5423.08,2.33985,0.407247,0.263267
9550000,6,-3.36863,-5421.09,3.64681,0.379818,0.279633
9560000,4,-1.47886,-5428.54,1.97159,0.390742,0.28265
9570000,3,0.101011,-5431.08,0.986495,0.394518,0.2848
9580000,4,-2.34953,-5427.14,3.76016,0.379601,0.27535
9590000,3,-0.341572,-5428.14,1.52476,0.384073,0.274267
9600000,5,-3.7407,-5420.84,1.70898,0.37838,0.2686
9610000,3,0.461428,-5428.92,0.766902,0.382401,0.279933
9620000,3,-0.287899,-5428.52,1.41394,0.384857,0.27475
9630000,4,-2.87217,-5420.46,2.08406,0.388576,0.2677
9640000,4,-0.903347,-5423.01,2.35678,0.382922,0.2682
9650000,3,-0.15754,-5429.86,1.39953,0.359392,0.2689
9660000,3,-3.22934,-5433.63,4.41957,0.395299,0.2656
9670000,4,-0.913561,-5425.88,2.22797,0.39265,0.2534
9680000,4,-5.4954,-5424.51,6.52231,0.393443,0.2686
9690000,3,-1.06645,-5426.48,2.14252,0.378283,0.27282
9700000,4,-1.75113,-5428.82,1.11189,0.378018,0.26065
9710000,3,-2.51432,-5429.31,3.7188,0.365349,0.2754
9720000,3,0.193181,-5429.21,0.969778,0.395439,0.2675
9730000,4,-0.0573793,-5428.95,1.34681,0.391288,0.2713
9740000,4,-2.9392,-5424.68,3.49585,0.35704,0.2794
9750000,3,-1.17395,-5425.84,2.39164,0.373683,0.2581
9760000,7,-4.04395,-5422.36,3.11319,0.370872,0.2705
9770000,4,-2.17023,-5421.26,2.30616,0.371343,0.270937
9780000,4,-5.18868,-5427.76,3.22668,0.389427,0.2713
9790000,3,-0.796074,-5430.91,1.9426,0.378061,0.2456
9800000,3,0.821223,-5431.04,0.348617,0.388428,0.2618
9810000,3,-0.638555,-5431.33,1.77745,0.38888,0.2811
9820000,4,-2.69162,-5427.57,3.80973,0.371452,0.256324
9830000,5,-1.56405,-5422.07,2.43128,0.366588,0.2705
9840000,4,-2.4662,-5427.02,3.27415,0.378029,0.2658
9850000,4,-0.413433,-5426.52,1.97417,0.365433,0.2713
9860000,5,-2.56993,-5422.34,3.05285,0.374687,0.27244
9870000,4,-0.710614,-5429.03,1.31235,0.393166,0.2701
9880000,3,-1.02987,-5428.75,2.1354,0.389571,0.279567
9890000,4,-2.43296,-5427.32,3.60397,0.374871,0.263427
9900000,4,-1.09368,-5433.58,1.69953,0.378965,0.2649
9910000,4,-1.71536,-5428.17,3.12101,0.392921,0.272867
9920000,3,-2.08319,-5427.87,3.24813,0.387798,0.26588
9930000,4,-1.53936,-5429.22,1.56243,0.367381,0.255721
9940000,5,-4.19109,-5424.57,2.0561,0.380775,0.2606
9950000,3,-1.96183,-5427.75,3.06632,0.383834,0.2808
9960000,3,-4.79061,-5437.34,4.28899,0.376824,0.269075
9970000,3,-1.9498,-5430.1,3.06964,0.379531,0.2646
9980000,3,-1.62674,-5424,2.84376,0.377696,0.275338
9990000,3,-0.47098,-5425.73,1.65428,0.388039,0.2612
