generation,N_shifts,logPrior,logLik,eventRate,preservationRate,acceptRate
0,0,-1,-6977.33,1,0.43,0
50000,3,-0.494225,-3992.47,1.66336,0.596338,0.26385
100000,1,-0.792197,-4012.16,1.04363,0.551909,0.2209
150000,1,-1.39959,-4011.57,1.74406,0.610416,0.22645
200000,2,-1.36383,-4002.85,0.797095,0.586178,0.2058
250000,1,-0.17951,-4008.71,0.477404,0.565325,0.21728
300000,1,-1.31172,-4007.73,1.61006,0.55591,0.215675
350000,1,-0.54646,-4009.97,0.871717,0.611471,0.2204
400000,2,-0.80562,-4006.41,0.779914,0.558137,0.2158
450000,1,-0.248794,-4010.15,0.515099,0.580576,0.221867
500000,1,-0.00325566,-4007.01,0.269001,0.571832,0.2035
550000,2,-1.65556,-4007.73,1.9156,0.569419,0.220633
600000,1,-0.731966,-4014.9,0.986999,0.537308,0.215433
650000,1,-1.10762,-4007.54,1.41511,0.580436,0.2192
700000,1,0.193159,-4007.52,0.117225,0.566776,0.2039
750000,1,0.179124,-4007.09,0.0982727,0.571276,0.225733
800000,1,-0.594527,-4011.11,0.854214,0.568452,0.201
850000,2,-0.33133,-4007.17,0.504124,0.585788,0.217967
900000,1,0.215998,-4008.13,0.0780612,0.565631,0.23555
950000,1,-0.428594,-4006.77,0.728926,0.564025,0.21075
1000000,2,-0.984331,-4005.69,0.752269,0.560521,0.2157
1050000,1,-2.03777,-4008.17,2.3594,0.557067,0.218525
1100000,1,-1.8286,-4006.74,2.12947,0.58014,0.2265
1150000,3,-3.55128,-4004.37,3.71947,0.56721,0.2136
1200000,1,-0.593422,-4007.15,0.920135,0.58642,0.221646
1250000,3,-0.875814,-3994.92,2.06454,0.560614,0.2295
1300000,3,-1.65517,-4002.03,1.74387,0.590758,0.2381
1350000,1,-2.15519,-4006.61,2.47473,0.5853,0.2317
1400000,1,-0.731966,-4007.06,1.02587,0.576543,0.217633
1450000,2,-0.646594,-4004.45,1.17972,0.552219,0.225967
1500000,1,-0.743334,-4010.1,1.11447,0.579063,0.2083
1550000,1,-1.14757,-4011.75,1.44987,0.569293,0.218467
1600000,1,-0.0962698,-4007.07,0.435988,0.582051,0.2157
1650000,2,-2.36166,-4007.85,2.53547,0.598132,0.2052
1700000,3,-3.51334,-4001.19,2.86505,0.591143,0.23945
1750000,2,-1.54961,-4006.59,1.04846,0.586078,0.22085
1800000,2,-0.0814883,-4005.81,0.846996,0.557022,0.2152
1850000,2,-2.45285,-4007.88,1.65089,0.58709,0.221875
1900000,1,-0.98456,-4010.04,1.2875,0.598074,0.2151
1950000,3,-4.10324,-3995.59,4.14073,0.568691,0.222959
2000000,1,-0.739756,-4007.79,1.02919,0.567475,0.2241
2050000,1,-1.07565,-4007.47,1.35952,0.569903,0.2108
2100000,4,-3.82836,-3995.82,4.22081,0.575898,0.2225
2150000,1,-0.919198,-4009.3,1.16929,0.6035,0.2155
2200000,1,-2.37246,-4009.26,2.67289,0.600974,0.22215
2250000,1,-0.276003,-4010.23,0.537706,0.580561,0.21925
2300000,1,-2.0696,-4010.56,2.32429,0.589069,0.2239
2350000,1,-0.858534,-4006.98,1.17698,0.592222,0.22375
2400000,1,-0.511436,-4014.03,0.848297,0.611666,0.221329
2450000,1,-0.615517,-4007.02,0.929626,0.599839,0.2217
2500000,1,-1.65058,-4010.3,1.9816,0.549979,0.2197
2550000,2,-0.636329,-4004.23,0.457763,0.559613,0.22135
2600000,2,-0.743018,-4003.35,1.52784,0.597553,0.236
2650000,1,-0.182061,-4007.57,0.505475,0.577719,0.217967
2700000,1,-0.28463,-4006.3,0.596907,0.578698,0.2177
2750000,2,-1.72788,-4006.58,1.61438,0.56913,0.21778
2800000,2,-0.401254,-4001.31,1.13587,0.580615,0.229515
2850000,1,-2.49514,-4006.86,2.79985,0.571491,0.2262
2900000,2,-1.34776,-4003.61,1.98841,0.56416,0.24456
2950000,1,-1.04896,-4006.37,1.33741,0.566013,0.209
3000000,1,-1.49904,-4006.94,1.80948,0.560636,0.226567
3050000,3,-0.4282,-3998.69,0.716029,0.575041,0.2234
3100000,1,-0.418475,-4007.41,0.719302,0.554762,0.221
3150000,1,-0.0300743,-4007.51,0.278746,0.575405,0.222983
3200000,2,-0.386321,-4011.29,0.501393,0.562993,0.224342
3250000,2,-0.737641,-4005.14,0.407385,0.565549,0.224511
3300000,1,-0.745618,-4009.86,1.07138,0.605014,0.21785
3350000,4,-4.16475,-3994.38,2.82601,0.567979,0.229
3400000,1,0.151183,-4007.51,0.166207,0.580396,0.2334
3450000,1,-0.473592,-4007.15,0.764807,0.576348,0.234636
3500000,1,-0.90141,-4007.39,1.17286,0.594021,0.2225
3550000,2,-0.437489,-4007.48,0.993223,0.568354,0.2067
3600000,1,-0.686914,-4010.35,1.01462,0.581146,0.238458
3650000,3,-3.18092,-4004.89,1.29957,0.586415,0.2165
3700000,1,0.116921,-4010.12,0.213155,0.553872,0.221271
3750000,1,-1.19039,-4008.67,1.47745,0.576549,0.2161
3800000,2,-2.60893,-4005.3,2.70145,0.572862,0.2149
3850000,1,0.0106225,-4006.71,0.295836,0.585986,0.2195
3900000,1,-0.896915,-4012.35,1.21282,0.524708,0.2144
3950000,2,-0.722349,-4007.48,1.01713,0.58237,0.2108
4000000,1,-0.62094,-4006.8,0.942904,0.57066,0.213
4050000,1,0.317481,-4007.95,0.0293341,0.587617,0.2143
4100000,1,-0.650072,-4008.07,0.909047,0.57963,0.219567
4150000,4,-3.07439,-3997.39,3.10783,0.571461,0.225433
4200000,4,0.123032,-3995.2,1.09909,0.558782,0.2532
4250000,2,-1.44677,-4007.26,1.40866,0.567391,0.2177
4300000,1,-0.121219,-4007.22,0.449924,0.565436,0.2131
4350000,1,-1.10509,-4006.68,1.42083,0.557806,0.2199
4400000,1,0.116282,-4008.1,0.205129,0.601105,0.2179
4450000,1,-1.53818,-4008.57,1.8407,0.589326,0.21685
4500000,2,-3.59715,-4005.47,2.12751,0.585217,0.22215
4550000,1,-0.744136,-4008.74,1.04344,0.57102,0.21584
4600000,2,-2.0393,-4010.47,1.82498,0.546219,0.2207
4650000,2,-2.13544,-4006.11,1.93153,0.552049,0.2138
4700000,2,-1.29397,-4008.5,1.51948,0.572501,0.2218
4750000,1,-0.554821,-4009.14,0.862973,0.543183,0.22158
4800000,1,-0.49482,-4012.85,0.683888,0.553874,0.22896
4850000,1,-1.44925,-4007.65,1.70844,0.578955,0.21255
4900000,2,-1.63296,-4008.03,1.90948,0.56796,0.2166
4950000,2,-0.211093,-4007.93,0.307939,0.570976,0.2254
5000000,2,-2.34006,-4001.62,1.77028,0.563034,0.218
5050000,1,-1.08345,-4007.35,1.43039,0.591593,0.219343
5100000,1,-0.55927,-4008.15,0.831364,0.550872,0.22385
5150000,1,-0.544603,-4007.95,0.837364,0.572686,0.22165
5200000,1,-1.35889,-4006.76,1.67629,0.578476,0.2218
5250000,1,-0.529335,-4008.1,0.829199,0.594631,0.22008
5300000,2,-0.375597,-4006.89,1.02699,0.554054,0.222164
5350000,1,-0.864846,-4007.73,1.16791,0.583861,0.2322
5400000,1,-0.543173,-4007.75,0.854169,0.554052,0.23022
5450000,2,-1.64287,-4003.55,1.22179,0.56698,0.223967
5500000,1,-0.591344,-4009.48,0.864772,0.563794,0.2251
5550000,1,0.107322,-4011.67,0.234735,0.602274,0.2224
5600000,2,-1.01674,-4003.85,1.35749,0.564622,0.2223
5650000,1,-0.796529,-4006.76,1.11889,0.569585,0.2124
5700000,1,-2.34129,-4008.76,2.62436,0.564359,0.227233
5750000,1,-0.903055,-4008.78,1.21661,0.568995,0.221775
5800000,2,-2.05963,-4002.97,0.911084,0.565362,0.2139
5850000,4,-0.205433,-3992.97,1.42122,0.583758,0.225
5900000,1,-0.387361,-4010.39,0.674323,0.546393,0.2155
5950000,4,-2.52851,-4001.27,2.15526,0.56762,0.2275
6000000,1,-0.595652,-4007,0.908472,0.596872,0.209
6050000,2,-0.347703,-4005.84,0.96876,0.587674,0.219667
6100000,1,-0.276986,-4008.59,0.547413,0.554426,0.216725
6150000,1,0.0827353,-4007.72,0.257427,0.580785,0.219287
6200000,2,-1.05809,-4004.27,0.754952,0.553276,0.22055
6250000,3,-1.57794,-3995.34,1.73627,0.56174,0.2194
6300000,1,-0.581351,-4007.22,0.862308,0.575793,0.2117
6350000,2,-2.71069,-4008.54,3.13161,0.589567,0.2223
6400000,1,-0.229079,-4014.88,0.467693,0.627543,0.22076
6450000,2,-3.41267,-4008.62,3.38694,0.564695,0.224625
6500000,4,-1.2162,-4006.92,0.937253,0.587072,0.2134
6550000,1,-1.42318,-4006.31,1.72835,0.588054,0.229733
6600000,1,-1.59419,-4013.36,1.82606,0.567839,0.229925
6650000,1,0.209577,-4007.05,0.117101,0.566916,0.2242
6700000,1,-0.341943,-4008.78,0.570427,0.580572,0.2262
6750000,1,0.00755606,-4010.06,0.315389,0.576924,0.2134
6800000,1,-0.572234,-4011.57,0.851221,0.591639,0.222164
6850000,1,0.10428,-4006.24,0.215744,0.570563,0.219267
6900000,2,0.344505,-4003.99,0.27142,0.610968,0.22255
6950000,1,-1.44339,-4006.56,1.73717,0.590511,0.2234
7000000,2,-4.29625,-4008.07,2.80716,0.563655,0.22643
7050000,4,-2.15905,-3991.26,1.53448,0.570406,0.2511
7100000,1,-0.0889575,-4009.89,0.402116,0.572409,0.21365
7150000,1,-0.852488,-4007.7,1.12132,0.581126,0.214667
7200000,4,-2.7819,-3995.2,2.77444,0.585639,0.2402
7250000,1,-0.533246,-4007.01,0.844647,0.576916,0.22766
7300000,1,-0.0589197,-4006.93,0.361667,0.562797,0.2287
7350000,1,-0.197378,-4008.08,0.527618,0.56977,0.21832
7400000,1,0.124553,-4007.32,0.218313,0.588312,0.2186
7450000,1,-1.01865,-4008.34,1.27479,0.594893,0.214233
7500000,2,-2.74976,-4003.36,1.58582,0.591589,0.223217
7550000,2,-2.12029,-4012.19,2.70253,0.569912,0.2217
7600000,1,-0.0500288,-4012.27,0.409194,0.624871,0.22905
7650000,3,-3.74096,-4003.6,1.92734,0.582409,0.2154
7700000,1,-1.98692,-4007.2,2.25441,0.578211,0.223
7750000,2,-0.820871,-4006.35,1.26993,0.587786,0.2205
7800000,2,-5.27011,-4004.03,1.59762,0.582299,0.219767
7850000,2,-0.964563,-4003.95,1.20736,0.57405,0.21605
7900000,1,0.0360144,-4007.2,0.224985,0.570156,0.218478
7950000,1,-0.685722,-4007.62,0.970729,0.571826,0.2165
8000000,2,-2.28265,-4005.7,1.34449,0.577496,0.22106
8050000,2,-2.68829,-4005.24,3.09926,0.556229,0.2191
8100000,3,-1.67172,-4006,2.42318,0.594929,0.221225
8150000,3,-2.94374,-4001.71,3.30293,0.605305,0.2434
8200000,1,-0.351054,-4008.56,0.689791,0.55196,0.22065
8250000,1,0.0554779,-4007.95,0.215594,0.568842,0.2264
8300000,1,-0.15276,-4009.85,0.437421,0.577911,0.21305
8350000,3,-3.86643,-4003.74,3.36827,0.561576,0.2218
8400000,1,0.197004,-4007.78,0.0865155,0.568174,0.238914
8450000,4,-3.15577,-3996.82,3.10423,0.578059,0.2308
8500000,2,-0.844917,-4004.93,1.46382,0.546322,0.2274
8550000,1,-0.668827,-4008.28,0.969734,0.570397,0.2317
8600000,5,-4.86331,-4000.03,3.95097,0.585297,0.2245
8650000,1,0.105317,-4010,0.230972,0.564843,0.2077
8700000,1,-1.46408,-4006.68,1.77679,0.56167,0.21232
8750000,1,-2.31431,-4007.47,2.60653,0.576945,0.24545
8800000,2,-2.80354,-4012.01,2.2801,0.571797,0.2467
8850000,2,-2.01057,-4005.09,1.1409,0.555482,0.2218
8900000,3,-0.773319,-4012.84,0.978567,0.565748,0.2372
8950000,2,-1.05708,-4002.47,1.77942,0.569947,0.22535
9000000,4,-5.73473,-4006.99,5.71232,0.567099,0.2721
9050000,1,0.23761,-4010.55,0.047325,0.613743,0.22176
9100000,2,-3.8806,-4008.37,3.10669,0.558843,0.217733
9150000,3,-2.54531,-4001.41,1.98802,0.570788,0.2155
9200000,1,-0.730895,-4014.82,1.11664,0.542182,0.24645
9250000,1,-0.319182,-4007.18,0.605421,0.555963,0.22462
9300000,1,-0.654223,-4007.88,0.956747,0.60672,0.204
9350000,1,-2.36478,-4006.36,2.68078,0.588326,0.217578
9400000,2,-0.398411,-4001.55,1.13115,0.576738,0.24825
9450000,3,-3.58084,-4001.56,3.95552,0.569541,0.22525
9500000,3,-5.43797,-3997.43,4.24657,0.572628,0.23685
9550000,1,-1.26344,-4008.4,1.57969,0.58297,0.22615
9600000,3,-1.43644,-3995.87,2.66213,0.559575,0.2411
9650000,3,0.801067,-3994.46,0.47888,0.567037,0.2529
9700000,2,-1.29673,-4003.34,1.03065,0.576112,0.225362
9750000,1,-0.35707,-4009.53,0.642089,0.588122,0.22355
9800000,1,-0.190442,-4006.75,0.466646,0.568201,0.22455
9850000,2,-2.54203,-4005.57,1.37111,0.602084,0.2339
9900000,1,-0.456766,-4008.21,0.74389,0.570304,0.21985
9950000,1,0.10033,-4008.97,0.154861,0.575919,0.2283
10000000,2,-1.3045,-4004.95,1.2025,0.594185,0.221387
10050000,3,-0.830924,-4000.06,1.83283,0.578217,0.224925
10100000,1,-1.16902,-4006.77,1.46583,0.576174,0.220367
10150000,1,-0.217823,-4008.3,0.528783,0.576187,0.222
10200000,1,0.208822,-4010.3,0.171514,0.564456,0.22925
10250000,2,-1.68985,-4003.77,0.928406,0.581703,0.221225
10300000,1,-0.556846,-4006.89,0.866816,0.587442,0.223
10350000,1,-2.84684,-4008.8,3.12591,0.602227,0.21965
10400000,1,-0.433893,-4008.4,0.763769,0.570121,0.2108
10450000,2,-3.00724,-4005.9,2.69566,0.595779,0.22465
10500000,2,-2.87952,-4006.74,3.46336,0.569238,0.21605
10550000,1,-0.487514,-4006.76,0.827457,0.565281,0.235317
10600000,1,-0.219581,-4007.76,0.498632,0.576154,0.2194
10650000,1,0.103092,-4006.21,0.198044,0.567253,0.219667
10700000,1,-0.480556,-4007.07,0.776408,0.586234,0.216033
10750000,1,-0.765554,-4006.5,1.09805,0.579722,0.217575
10800000,1,-0.994755,-4007.63,1.32293,0.565313,0.21705
10850000,1,-0.917346,-4006.54,1.2419,0.581239,0.2107
10900000,1,-0.397656,-4008.53,0.751971,0.559886,0.216025
10950000,1,-0.911166,-4010.68,1.17943,0.556171,0.22496
11000000,2,-1.786,-4005.54,0.893717,0.590935,0.22055
11050000,2,-1.25658,-4003.06,2.00961,0.561081,0.218425
11100000,3,-4.13298,-3994.03,5.38442,0.567754,0.24
11150000,2,-0.576405,-4003.07,0.838876,0.603267,0.21955
11200000,1,0.040987,-4007.99,0.236145,0.563071,0.224823
11250000,1,0.0193059,-4007.55,0.267994,0.598568,0.2165
11300000,1,-1.60231,-4008.41,1.92787,0.562195,0.217633
11350000,1,-0.405862,-4009.46,0.719412,0.619324,0.21228
11400000,1,-0.776793,-4009.8,1.03503,0.588376,0.2315
11450000,1,0.200216,-4008,0.104311,0.572243,0.22172
11500000,3,-1.62963,-3997.73,1.79994,0.570707,0.2302
11550000,1,-0.484302,-4006.83,0.777587,0.556817,0.2324
11600000,1,-0.0794596,-4006.24,0.404857,0.574942,0.215067
11650000,1,-0.463372,-4008.21,0.739018,0.576023,0.217
11700000,1,-0.240865,-4010.78,0.569147,0.587535,0.1974
11750000,3,-1.9378,-4001.62,2.35898,0.583277,0.23302
11800000,2,-1.33054,-4007.99,2.23272,0.588642,0.218343
11850000,4,-2.36779,-3992.37,3.35564,0.586271,0.25385
11900000,3,-3.93944,-4000.58,1.43925,0.578687,0.2133
11950000,1,-1.58005,-4008.85,1.88623,0.607468,0.215933
12000000,1,-0.0233013,-4005.95,0.334959,0.578007,0.221769
12050000,1,-3.25888,-4007.07,3.53846,0.59167,0.2114
12100000,2,-1.32793,-4004.47,1.21795,0.562745,0.224371
12150000,2,-2.78397,-4006.87,1.95913,0.549321,0.228133
12200000,1,-0.136799,-4006.86,0.409575,0.578359,0.2185
12250000,1,-1.13286,-4009.75,1.39569,0.571222,0.2268
12300000,1,-0.192365,-4006.43,0.502618,0.574224,0.223675
12350000,1,-0.571723,-4009.9,0.873133,0.576122,0.218433
12400000,1,0.090955,-4008.08,0.234583,0.591855,0.20875
12450000,1,-0.0760932,-4007.37,0.407163,0.55444,0.2261
12500000,1,-0.455422,-4007.4,0.78848,0.584313,0.213133
12550000,2,-0.781668,-4004.93,1.23589,0.596095,0.2469
12600000,2,-0.433756,-4003.83,0.633187,0.562259,0.222593
12650000,2,-1.68274,-4001.23,2.31906,0.572301,0.209225
12700000,1,-0.93406,-4007.1,1.21921,0.590202,0.2218
12750000,1,-0.078383,-4006.86,0.363491,0.555915,0.2228
12800000,2,-0.679248,-4003.41,0.671526,0.57246,0.217457
12850000,1,-1.25371,-4008.44,1.58022,0.565087,0.22435
12900000,1,-0.790038,-4008.61,1.08744,0.604743,0.205
12950000,1,-0.860219,-4006.49,1.16063,0.566917,0.210833
13000000,1,-1.29963,-4006.73,1.61788,0.577071,0.2125
13050000,1,-0.205706,-4008.19,0.481962,0.577265,0.20595
13100000,2,-2.02549,-4006.72,2.57034,0.554233,0.21876
13150000,2,-0.816769,-4010.49,1.6048,0.550626,0.2183
13200000,3,-2.17546,-4012.72,2.13279,0.568658,0.22542
13250000,2,-1.7778,-4008.46,1.35329,0.567468,0.22362
13300000,1,0.101686,-4007.92,0.184662,0.583786,0.2179
13350000,1,-0.229318,-4006.71,0.540489,0.562817,0.2273
13400000,3,-0.341862,-3992.08,1.52261,0.562718,0.230975
13450000,1,-2.29442,-4006.94,2.61868,0.590026,0.21155
13500000,1,-0.0123945,-4014.71,0.343404,0.5252,0.215067
13550000,1,-0.976705,-4010.04,1.24779,0.59323,0.21895
13600000,1,-0.630869,-4008.25,0.985687,0.601382,0.21095
13650000,2,0.477202,-4002.27,0.222123,0.572136,0.216444
13700000,1,0.0291795,-4006.9,0.25567,0.572344,0.2093
13750000,2,-1.05939,-4002.57,0.724831,0.560599,0.2224
13800000,1,-0.568374,-4017.16,0.847107,0.598469,0.2213
13850000,1,-1.15137,-4008.3,1.44175,0.594265,0.212625
13900000,1,-3.07912,-4006.48,3.36049,0.564502,0.223133
13950000,1,-1.06023,-4007.33,1.35325,0.589291,0.223458
14000000,1,-0.248124,-4012.58,0.554313,0.577727,0.2111
14050000,3,-2.24022,-4005.42,1.33332,0.562188,0.2168
14100000,1,-1.0359,-4006.07,1.34779,0.568834,0.21574
14150000,1,-1.57822,-4009.98,1.85715,0.601736,0.2523
14200000,1,-2.62819,-4006.27,2.93129,0.567994,0.213767
14250000,1,-0.00983716,-4007.58,0.348454,0.568216,0.22356
14300000,2,-2.35032,-4007.39,0.881801,0.603173,0.217675
14350000,1,-0.0855418,-4009.33,0.352415,0.546926,0.2185
14400000,1,-0.607199,-4006.42,0.879823,0.572578,0.227467
14450000,2,-0.0935144,-4009.27,0.160582,0.562037,0.2126
14500000,1,-1.14152,-4007.79,1.41511,0.568863,0.225033
14550000,1,0.0330807,-4007.84,0.318638,0.589982,0.22535
14600000,1,-2.21606,-4007.82,2.56064,0.554905,0.2242
14650000,3,-1.13014,-3998.01,1.73094,0.585009,0.25815
14700000,2,-2.99165,-4009.29,1.81169,0.572493,0.2397
14750000,1,-1.48732,-4010.92,1.70502,0.559303,0.219214
14800000,2,-1.57305,-4002.34,1.99564,0.588718,0.21375
14850000,2,-0.0839797,-4006.03,0.305739,0.586323,0.2189
14900000,1,-0.392443,-4009.21,0.660121,0.576154,0.21545
14950000,1,-0.208695,-4008.67,0.511045,0.572746,0.218544
15000000,2,-2.38163,-4003.75,0.895406,0.566551,0.214
15050000,2,-1.13964,-4004.07,0.71133,0.596021,0.229038
15100000,1,-0.159458,-4009.01,0.47206,0.569286,0.2139
15150000,1,-0.126102,-4007.45,0.441879,0.591916,0.222673
15200000,1,-1.10227,-4013.75,1.40809,0.530748,0.2187
15250000,1,0.175583,-4007.38,0.139953,0.57674,0.2288
15300000,1,-1.9006,-4007.04,2.23321,0.581293,0.2119
15350000,1,-0.346159,-4010.47,0.661368,0.572469,0.2132
15400000,1,0.188891,-4007.19,0.152603,0.562651,0.22396
15450000,1,-0.596356,-4010.12,0.941663,0.590282,0.23
15500000,1,-0.37902,-4007.09,0.69979,0.560265,0.22356
15550000,3,-0.93705,-3998.73,0.677438,0.593368,0.2481
15600000,1,-0.560494,-4008.54,0.832632,0.554391,0.219575
15650000,1,-0.0124928,-4008.09,0.359244,0.553007,0.2232
15700000,3,-1.58302,-4001.07,2.16197,0.587903,0.233333
15750000,2,-2.46433,-4003.29,1.29638,0.586346,0.223675
15800000,1,-0.0888693,-4007.4,0.373364,0.55928,0.225467
15850000,1,-3.68505,-4006.86,3.97655,0.584835,0.2136
15900000,2,-2.28654,-4002.64,2.62471,0.558449,0.20675
15950000,2,-1.46984,-4011.37,1.44866,0.578055,0.2543
16000000,1,-0.0798777,-4007.33,0.384181,0.593994,0.2358
16050000,1,-1.18568,-4007.98,1.45369,0.566383,0.2035
16100000,3,-4.32007,-3995.85,2.9492,0.554558,0.2531
16150000,1,-0.576918,-4007.56,0.89058,0.59106,0.219369
16200000,1,-0.0111575,-4008.99,0.380905,0.585886,0.2059
16250000,1,-0.544819,-4010.91,0.871326,0.560626,0.2133
16300000,1,-0.494888,-4007.89,0.748274,0.581494,0.21905
16350000,4,-2.39826,-3989.57,2.65726,0.590685,0.23735
16400000,1,-1.64154,-4006.88,1.93891,0.571565,0.2278
16450000,4,-1.17932,-3994.33,1.90707,0.589865,0.2361
16500000,1,-2.09705,-4010.58,2.3669,0.584908,0.224525
16550000,1,-1.88488,-4007.53,2.18379,0.592776,0.215633
16600000,1,-1.99482,-4006.8,2.33001,0.587488,0.2278
16650000,1,-0.302609,-4006.6,0.584609,0.587481,0.217556
16700000,1,-0.499811,-4008.09,0.763212,0.559453,0.218767
16750000,1,-0.566711,-4009.88,0.842851,0.577451,0.2169
16800000,1,-1.47714,-4006.24,1.77109,0.572156,0.22898
16850000,1,-0.678858,-4011.33,0.911069,0.562032,0.2296
16900000,1,-1.4725,-4009.01,1.84009,0.58837,0.2143
16950000,3,0.323025,-3997.9,0.72016,0.583832,0.225
17000000,2,-2.41717,-4006.39,0.829076,0.568189,0.229967
17050000,1,-0.3166,-4008.13,0.583022,0.553374,0.2042
17100000,2,-0.651639,-4004.97,1.24992,0.588385,0.2185
17150000,2,-1.41564,-4007.38,1.39734,0.56519,0.22075
17200000,2,-1.30793,-4003.67,0.602382,0.583355,0.224263
17250000,2,-1.19592,-4004.05,1.06377,0.593743,0.22426
17300000,1,-1.59628,-4009.57,1.91263,0.557131,0.22925
17350000,1,0.0169451,-4007.19,0.283146,0.573839,0.2249
17400000,5,-4.38816,-3999.47,3.97466,0.586425,0.22305
17450000,1,-0.463429,-4007.54,0.760012,0.603619,0.216567
17500000,2,-1.9658,-4005.79,0.865606,0.578856,0.2263
17550000,2,-1.3277,-4005.2,0.552923,0.552998,0.2134
17600000,2,-2.75355,-4004.76,2.092,0.596397,0.22118
17650000,1,-0.773387,-4006.05,1.06939,0.579054,0.220286
17700000,1,-0.561439,-4007.92,0.895284,0.583438,0.2232
17750000,2,-3.48698,-4010.57,2.36315,0.590503,0.218
17800000,2,-1.38009,-4004.44,1.50272,0.571275,0.227733
17850000,1,-0.258687,-4009.65,0.536498,0.602837,0.2222
17900000,1,-0.113988,-4008.2,0.419466,0.603406,0.2022
17950000,3,-3.53406,-4001.16,0.63849,0.554022,0.22
18000000,1,-0.711696,-4011.78,1.01076,0.557571,0.2164
18050000,1,-2.29934,-4006.8,2.58283,0.578289,0.2183
18100000,1,-0.915678,-4014.66,1.11409,0.576193,0.221817
18150000,1,0.160385,-4008.22,0.191178,0.588098,0.2338
18200000,1,-1.09382,-4007.19,1.3813,0.569878,0.21794
18250000,1,-0.449453,-4007.51,0.786224,0.583819,0.22045
18300000,4,0.242282,-3994.72,1.0037,0.596138,0.2535
18350000,1,-0.100422,-4006.38,0.404833,0.579496,0.216225
18400000,1,-0.27378,-4011.21,0.604583,0.5474,0.2213
18450000,1,-0.63251,-4010.76,0.956901,0.598338,0.22077
18500000,1,-0.118898,-4007.34,0.399737,0.570189,0.220367
18550000,1,-0.378027,-4007.97,0.698731,0.575062,0.20885
18600000,4,-4.04402,-3994.54,2.23629,0.578899,0.2593
18650000,3,-2.14845,-4012.88,2.09302,0.593663,0.2204
18700000,3,-7.46684,-4006.55,1.74393,0.60045,0.21554
18750000,1,-0.987879,-4007.75,1.27073,0.581301,0.2193
18800000,2,-0.831527,-4003.18,1.56174,0.602335,0.228756
18850000,1,-1.17692,-4006.69,1.46808,0.577036,0.2244
18900000,3,-0.841128,-3995.62,2.05629,0.611684,0.2508
18950000,2,-1.76015,-4011.51,0.765182,0.604575,0.222175
19000000,1,-1.28942,-4013.19,1.6046,0.580345,0.2216
19050000,1,0.212139,-4008.28,0.132962,0.577881,0.22285
19100000,1,-0.516797,-4013.49,0.860836,0.600757,0.221438
19150000,1,-0.41907,-4007.35,0.716836,0.563791,0.2211
19200000,1,-0.814962,-4008.88,1.16241,0.580069,0.217244
19250000,1,-0.289761,-4009.15,0.52092,0.575932,0.21255
19300000,3,-4.51166,-4003.85,2.61426,0.560657,0.266314
19350000,2,0.598183,-4001.78,0.173247,0.572045,0.229333
19400000,1,-0.886804,-4006.72,1.18453,0.5904,0.2101
19450000,4,-2.3554,-3995.02,1.60981,0.559347,0.23326
19500000,2,-1.82794,-4006.8,0.772555,0.588157,0.22595
19550000,1,-0.215864,-4009.21,0.558889,0.585966,0.2581
19600000,1,-0.902656,-4007.13,1.23664,0.573497,0.234675
19650000,1,-0.66716,-4007.51,1.00504,0.557697,0.2225
19700000,1,-0.208889,-4008.29,0.509593,0.569058,0.225475
19750000,1,-0.20019,-4006.36,0.516284,0.581317,0.2168
19800000,3,-4.28591,-4005.06,2.5889,0.552937,0.22095
19850000,1,-0.109772,-4006.33,0.435546,0.580653,0.2045
19900000,1,-0.675322,-4010.05,0.986422,0.596283,0.232
19950000,1,-0.308054,-4012.77,0.716605,0.588402,0.26335
20000000,3,-2.81268,-3995.94,4.12049,0.589579,0.2649
20050000,1,-2.25167,-4006.4,2.53882,0.56534,0.219786
20100000,2,-2.14409,-4006.45,0.463776,0.565304,0.21815
20150000,4,-1.4365,-3989.48,2.27709,0.579142,0.2306
20200000,3,-0.441097,-3996.48,1.08332,0.594096,0.248
20250000,2,-0.939346,-4004.4,0.876201,0.567643,0.2332
20300000,2,-1.89859,-4005.59,1.25943,0.589266,0.2012
20350000,1,-1.10322,-4006.85,1.4135,0.569509,0.2512
20400000,2,-2.15303,-4004.34,1.22333,0.57708,0.215433
20450000,3,-4.30624,-3998.73,3.70653,0.553861,0.2377
20500000,2,-1.00194,-4008.81,1.43079,0.53558,0.223424
20550000,2,-2.19608,-4007.17,1.23789,0.586183,0.2128
20600000,1,0.273417,-4009.85,0.094503,0.607978,0.238
20650000,1,-0.960539,-4006.34,1.25218,0.574233,0.2161
20700000,1,-0.660994,-4007.75,0.998033,0.554202,0.2053
20750000,2,-1.70451,-4007.81,1.5056,0.584695,0.217
20800000,1,-0.867429,-4007.84,1.14029,0.597506,0.21962
20850000,1,-0.0640157,-4007.46,0.33345,0.575233,0.2181
20900000,2,-1.44421,-4004.06,1.66552,0.595529,0.21875
20950000,2,-0.948022,-4005.71,1.00167,0.565802,0.23205
21000000,1,0.0306523,-4006.59,0.265592,0.586512,0.23095
21050000,1,-0.119682,-4010.44,0.346682,0.568727,0.226183
21100000,1,-0.106139,-4006.42,0.416601,0.588923,0.22782
21150000,1,-1.23115,-4007.14,1.53512,0.573724,0.232914
21200000,1,-0.58412,-4006.5,0.863405,0.58472,0.220933
21250000,1,-0.0637742,-4009.66,0.379989,0.56007,0.225175
21300000,1,-0.112909,-4008.22,0.379832,0.58908,0.221675
21350000,1,-0.493797,-4007.27,0.843607,0.570949,0.2076
21400000,1,0.167525,-4008.19,0.185283,0.570569,0.23805
21450000,3,-4.69661,-3998.92,2.56191,0.576104,0.2175
21500000,2,-3.55941,-4005.09,3.24432,0.601981,0.21
21550000,3,-2.86089,-4003.09,2.86693,0.568924,0.2173
21600000,1,-0.90748,-4009.89,1.25342,0.546863,0.21916
21650000,1,-0.752164,-4006.03,1.06686,0.577488,0.214233
21700000,2,-0.675317,-4005.89,1.33169,0.558473,0.2178
21750000,2,0.0769515,-4003.27,0.716241,0.597702,0.2741
21800000,3,-2.15791,-3994.51,1.98363,0.573441,0.2262
21850000,2,-3.21971,-4004.8,0.558593,0.57168,0.2062
21900000,1,-0.795574,-4008.52,1.05761,0.571244,0.218367
21950000,1,-0.116085,-4006.84,0.439924,0.594891,0.223267
22000000,1,-0.00289735,-4008.76,0.297213,0.589752,0.2238
22050000,3,-2.65823,-4016.65,0.750911,0.543718,0.238025
22100000,1,0.209312,-4008.64,0.0759619,0.599603,0.220786
22150000,1,-0.760432,-4010.69,1.04913,0.580631,0.22856
22200000,1,-0.792636,-4010.89,1.06029,0.602331,0.2218
22250000,1,-1.23343,-4006.95,1.52686,0.566009,0.214629
22300000,5,-4.74276,-3991.36,4.16786,0.590863,0.2327
22350000,1,-0.0367536,-4009.53,0.402979,0.588701,0.232863
22400000,3,-2.21957,-4002.76,1.56082,0.598056,0.22525
22450000,1,-1.71626,-4008.27,1.99393,0.554641,0.21695
22500000,1,-0.187336,-4007.9,0.502183,0.590286,0.217729
22550000,1,-0.453849,-4006.63,0.755885,0.572434,0.21795
22600000,1,-0.134326,-4006.95,0.412633,0.557074,0.2255
22650000,1,-0.0108863,-4006.99,0.29255,0.570581,0.222
22700000,3,-1.9277,-3996.1,2.13487,0.582497,0.2322
22750000,2,-0.0765084,-4008.13,0.47824,0.583556,0.210867
22800000,1,0.0678793,-4008.11,0.204839,0.551662,0.23275
22850000,3,-0.390553,-4004.55,0.415992,0.589238,0.2262
22900000,3,-3.64711,-3997.81,3.25105,0.604341,0.235567
22950000,3,-0.974013,-3992.66,2.09721,0.56106,0.228583
23000000,3,-0.163914,-3992.28,1.34161,0.574034,0.254
23050000,1,-0.471386,-4008.92,0.839581,0.566199,0.2155
23100000,1,-1.03673,-4007.26,1.3361,0.593488,0.221275
23150000,1,0.0155629,-4006.75,0.313656,0.581579,0.2274
23200000,3,-2.38807,-4000.81,2.4007,0.582395,0.2169
23250000,1,-1.25811,-4007.88,1.51073,0.588345,0.219433
23300000,2,-2.40353,-4004.23,1.79696,0.597974,0.212567
23350000,2,-0.969888,-4003.71,1.50414,0.576554,0.21525
23400000,1,-0.41561,-4006.7,0.699765,0.574271,0.213425
23450000,2,-5.61614,-4005.86,4.78796,0.590368,0.2209
23500000,2,-1.80911,-4007.5,0.466306,0.591918,0.223656
23550000,2,-1.00075,-4004.69,0.944754,0.57114,0.223125
23600000,1,-0.836242,-4009.9,1.17492,0.619675,0.2081
23650000,1,-0.202149,-4007.2,0.528006,0.559533,0.26355
23700000,2,-1.89725,-4004.07,2.24673,0.587479,0.23195
23750000,1,0.0486978,-4007.48,0.223666,0.59401,0.218857
23800000,1,0.101208,-4010.11,0.172629,0.587547,0.21
23850000,3,-4.14927,-4003.72,3.17063,0.588477,0.213
23900000,1,-0.630238,-4007.28,0.946848,0.56141,0.2261
23950000,3,-2.62097,-4006.93,2.83681,0.583203,0.2321
24000000,3,-0.675246,-3994.55,1.86048,0.557083,0.2487
24050000,1,-1.52418,-4008.91,1.87718,0.590837,0.2155
24100000,1,-1.14064,-4008.43,1.44901,0.599141,0.226843
24150000,2,-2.05346,-4007.75,1.91988,0.612695,0.2275
24200000,1,-0.275045,-4007.93,0.555284,0.595007,0.22092
24250000,1,-0.350454,-4007.92,0.65657,0.577,0.222033
24300000,4,-3.98506,-3999.13,4.0702,0.577211,0.22025
24350000,2,-1.14673,-4004.93,1.72684,0.568296,0.2191
24400000,3,-2.9203,-4007.39,2.90377,0.582068,0.2131
24450000,2,-1.95103,-4001.6,1.49263,0.583983,0.2218
24500000,1,-1.21299,-4007.47,1.49629,0.570387,0.2152
24550000,2,-1.8631,-4007.66,2.04821,0.58597,0.2183
24600000,1,-0.213794,-4006.56,0.539895,0.574618,0.219222
24650000,3,-0.7177,-3996.76,0.524663,0.57213,0.2152
24700000,1,-0.753872,-4007.02,1.04895,0.565319,0.2058
24750000,2,-2.25512,-4005.56,1.75987,0.563766,0.2126
24800000,2,0.39876,-4008.36,0.243194,0.58869,0.215
24850000,1,-0.688352,-4006.63,0.979316,0.572937,0.2216
24900000,3,-3.26851,-4007.83,3.15687,0.57829,0.217667
24950000,2,-0.641748,-4008.13,1.24833,0.566465,0.22405
25000000,1,-0.64728,-4007.62,1.00871,0.583046,0.22086
25050000,1,-0.854686,-4008.39,1.19811,0.568791,0.2131
25100000,1,-0.143824,-4009,0.474272,0.61024,0.2145
25150000,1,-0.369132,-4011.23,0.706382,0.601078,0.217333
25200000,1,-0.364967,-4009.63,0.642616,0.565427,0.223833
25250000,1,-2.7687,-4009.92,2.98956,0.584266,0.1954
25300000,2,-1.04249,-4006.73,1.73763,0.566393,0.2229
25350000,1,0.0901338,-4009.91,0.16897,0.541627,0.2265
25400000,2,-3.10833,-4003.85,1.01208,0.567133,0.2333
25450000,1,-0.23613,-4008.99,0.527691,0.608939,0.2274
25500000,1,-0.556504,-4010.46,0.796286,0.567766,0.224833
25550000,1,-1.0442,-4008.53,1.37114,0.56904,0.222577
25600000,1,-0.57302,-4007.98,0.870855,0.588614,0.213775
25650000,1,-1.57294,-4006.48,1.85683,0.578073,0.22215
25700000,1,-0.227643,-4016.2,0.532881,0.585549,0.22045
25750000,1,-0.594695,-4007.52,0.883229,0.603217,0.22175
25800000,1,-0.55366,-4015.08,0.892028,0.587336,0.2655
25850000,1,-0.361899,-4010.38,0.683786,0.614819,0.21285
25900000,2,-0.823501,-4005.85,1.16725,0.587793,0.2326
25950000,1,-0.732559,-4007.01,1.04543,0.57231,0.2227
26000000,2,-2.01828,-4005.35,0.908999,0.56731,0.231244
26050000,1,-0.910604,-4006.84,1.24937,0.584742,0.2134
26100000,2,-3.58393,-4012.99,1.64496,0.572219,0.22174
26150000,1,-0.590715,-4006.38,0.895473,0.586004,0.220375
26200000,4,-4.33806,-3999.79,2.00472,0.583665,0.2508
26250000,1,-0.692136,-4009.53,0.985037,0.578033,0.2182
26300000,1,-0.0661763,-4008.42,0.411351,0.596072,0.2377
26350000,1,-0.759484,-4006.39,1.08368,0.563359,0.241386
26400000,1,-1.22491,-4007.94,1.49692,0.56133,0.219067
26450000,1,-0.644159,-4006.81,0.932936,0.581943,0.2142
26500000,1,0.0891987,-4008.18,0.196566,0.58376,0.219483
26550000,1,0.287308,-4008.73,0.0446213,0.560936,0.217171
26600000,5,-7.87331,-3998.88,1.32555,0.591758,0.2192
26650000,2,-4.11834,-4002.75,1.3797,0.561688,0.215967
26700000,1,-1.57986,-4006.83,1.90207,0.585,0.2242
26750000,2,-1.4799,-4004.47,1.48747,0.582896,0.2212
26800000,1,-0.422794,-4007.05,0.721084,0.578519,0.22586
26850000,3,-1.67932,-4003.25,1.09691,0.597078,0.220733
26900000,1,-0.247657,-4006.47,0.528651,0.580995,0.21961
26950000,1,-0.356729,-4011.05,0.641379,0.609384,0.2208
27000000,2,-1.64665,-4004.21,1.11335,0.573326,0.222267
27050000,2,-1.3998,-4011.19,2.1552,0.586125,0.226115
27100000,1,-0.229182,-4007.85,0.483088,0.565128,0.22216
27150000,1,-0.418061,-4006.71,0.744678,0.565957,0.224683
27200000,2,-0.789948,-4006.89,0.590651,0.558447,0.23225
27250000,3,-4.62319,-4013.14,4.83458,0.557631,0.22625
27300000,1,-1.06732,-4006.49,1.35422,0.574668,0.219667
27350000,1,-0.0300612,-4008.88,0.282204,0.566315,0.2165
27400000,2,-2.62773,-4006.07,1.68627,0.585052,0.226
27450000,1,-3.06962,-4007.24,3.36542,0.586428,0.2271
27500000,2,-0.145863,-4002.41,0.823168,0.578889,0.23058
27550000,1,-0.312897,-4006.49,0.607663,0.588079,0.2062
27600000,2,0.19815,-4005.93,0.48218,0.572137,0.1998
27650000,3,-3.58755,-3998.95,3.67619,0.560949,0.21915
27700000,1,-1.32935,-4008.66,1.65981,0.558671,0.2236
27750000,1,-0.865945,-4007.79,1.18976,0.594254,0.2107
27800000,2,-1.46752,-4004,2.07835,0.58388,0.220129
27850000,2,-0.243842,-4002.21,0.998399,0.587688,0.2554
27900000,1,-0.591061,-4013.28,0.967304,0.582475,0.27175
27950000,1,-0.0593955,-4008.44,0.377562,0.598837,0.21925
28000000,2,-3.40011,-4003.1,1.58057,0.574684,0.2145
28050000,1,-0.700191,-4009.77,1.06061,0.555913,0.22232
28100000,3,-3.67236,-4004.2,0.75,0.566007,0.225567
28150000,1,-0.395612,-4008.31,0.688986,0.570591,0.22215
28200000,1,-1.52975,-4007.38,1.85128,0.59016,0.2205
28250000,1,-1.02703,-4014.55,1.42477,0.557284,0.223
28300000,1,-0.386534,-4007.9,0.657688,0.580133,0.221854
28350000,3,-2.59058,-4005.36,2.77721,0.568645,0.2119
28400000,2,-0.694058,-4005.65,1.21892,0.56575,0.21545
28450000,1,-0.180957,-4008.04,0.478449,0.591362,0.2102
28500000,1,-1.36976,-4017.35,1.54682,0.567335,0.22105
28550000,1,-0.318871,-4007.49,0.631317,0.552476,0.2169
28600000,1,0.0878207,-4006.79,0.224706,0.580648,0.220685
28650000,2,-1.07614,-4004.12,1.04072,0.572008,0.23132
28700000,3,-1.98549,-4003.74,2.03237,0.569682,0.2282
28750000,1,-0.908062,-4009.66,1.18598,0.594407,0.2168
28800000,1,-1.08899,-4007.21,1.39814,0.575163,0.23475
28850000,1,-0.53434,-4010.76,0.826012,0.591489,0.217744
28900000,1,-2.54161,-4008.87,2.85574,0.595667,0.2028
28950000,1,-0.512138,-4008.73,0.81705,0.586529,0.21155
29000000,1,-0.914625,-4008.41,1.24515,0.56364,0.2139
29050000,1,-0.628045,-4009.24,1.00105,0.590887,0.2118
29100000,1,-0.382175,-4007.55,0.718618,0.597816,0.22155
29150000,1,-0.270053,-4008.63,0.573077,0.564605,0.218717
29200000,1,0.126055,-4007.39,0.148548,0.55514,0.21845
29250000,1,-0.258138,-4008.39,0.557849,0.566282,0.2239
29300000,1,0.14512,-4007.01,0.191526,0.591154,0.22195
29350000,1,-1.62929,-4008.83,1.89312,0.595962,0.2247
29400000,1,-0.0810108,-4006.99,0.402158,0.584674,0.222729
29450000,1,-0.459714,-4007.05,0.735296,0.582923,0.2231
29500000,1,-0.423803,-4006.82,0.747829,0.566451,0.218467
29550000,4,-0.644372,-3993.08,2.01323,0.565407,0.22135
29600000,1,-2.23829,-4008.32,2.53568,0.554521,0.2099
29650000,1,-2.48224,-4008.95,2.79059,0.560827,0.236375
29700000,2,-0.847752,-4005.85,0.814927,0.56031,0.2192
29750000,1,-0.771705,-4006.37,1.08048,0.577679,0.221467
29800000,1,-0.859694,-4006.72,1.14096,0.577636,0.245973
29850000,2,-1.88698,-4002.94,1.64913,0.562218,0.2166
29900000,2,-1.55893,-4006.89,1.17344,0.606487,0.22826
29950000,1,-0.927376,-4008.19,1.21387,0.600621,0.2194
30000000,1,-0.163525,-4006.22,0.46541,0.579749,0.2204
30050000,1,-0.475157,-4006.83,0.792857,0.58714,0.221456
30100000,2,-0.401985,-4006.53,1.04639,0.609288,0.2041
30150000,1,-0.0488046,-4007.42,0.382065,0.592171,0.2277
30200000,1,0.124701,-4009.88,0.238539,0.592784,0.215233
30250000,3,-3.31735,-4003.02,1.54057,0.592258,0.227
30300000,1,0.00793687,-4006.82,0.303425,0.594336,0.21815
30350000,3,-0.366571,-4000.63,1.49288,0.588534,0.2344
30400000,4,-3.12416,-3997.6,2.97786,0.580053,0.21965
30450000,1,-0.627839,-4008.08,0.944236,0.557139,0.2035
30500000,1,-0.360209,-4010.56,0.73198,0.547448,0.225829
30550000,1,-0.733701,-4008.72,1.00295,0.571491,0.21275
30600000,1,-0.361424,-4013.71,0.720216,0.577541,0.2114
30650000,2,-1.18758,-4009.02,1.06327,0.568041,0.21535
30700000,1,-1.15489,-4012.05,1.3674,0.551612,0.217867
30750000,1,-0.105216,-4016.65,0.561377,0.588184,0.2443
30800000,2,-2.74498,-4003.54,1.67551,0.571235,0.2222
30850000,3,-1.668,-4005.86,2.57123,0.570569,0.249
30900000,1,-0.845486,-4006.98,1.17089,0.57297,0.2044
30950000,1,-1.76881,-4009.6,2.02742,0.604,0.224243
31000000,1,-0.147072,-4008.02,0.421072,0.600916,0.221333
31050000,1,-0.38548,-4006.13,0.676407,0.573472,0.2247
31100000,1,-0.574126,-4009.67,0.817366,0.579154,0.222433
31150000,1,-1.42629,-4007.19,1.71847,0.562555,0.215633
31200000,1,-0.35654,-4007.1,0.696253,0.573983,0.22
31250000,2,-0.765636,-4011.22,1.30135,0.563542,0.22175
31300000,2,-0.43057,-4006.97,0.979606,0.580564,0.218
31350000,3,-4.24966,-4000.29,3.48461,0.563537,0.228
31400000,2,-3.71027,-4002.79,3.21747,0.566022,0.213067
31450000,1,-0.64398,-4006.59,0.922886,0.570778,0.2311
31500000,1,-0.676085,-4007.9,0.943215,0.599209,0.2111
31550000,2,-0.514479,-4004.17,0.772463,0.590352,0.223992
31600000,1,-0.120878,-4007.46,0.454546,0.579757,0.21515
31650000,1,-0.367419,-4019.71,0.549751,0.55677,0.2219
31700000,1,-0.490452,-4007.21,0.780859,0.574074,0.220033
31750000,3,-1.59707,-4001.33,0.932902,0.58661,0.231575
31800000,2,-0.440073,-4006.28,0.453052,0.567347,0.2153
31850000,2,-1.54811,-4004.05,1.97385,0.570337,0.225
31900000,1,-1.80137,-4009.73,2.08563,0.605626,0.21396
31950000,2,-4.926,-4007.5,1.10575,0.56863,0.214867
32000000,1,-0.304947,-4008.97,0.622262,0.574186,0.21475
32050000,3,-0.703931,-4003.04,1.79355,0.559219,0.24645
32100000,3,-2.26801,-4005.44,1.55424,0.535812,0.227343
32150000,1,0.193073,-4008.36,0.162132,0.594762,0.2299
32200000,1,-1.73856,-4008.26,2.03333,0.601235,0.21904
32250000,1,-0.756429,-4006.39,1.07365,0.583992,0.22104
32300000,1,0.0428507,-4007.15,0.297949,0.571314,0.220875
32350000,1,-0.970451,-4014.54,1.3489,0.571438,0.235246
32400000,2,-0.875901,-4004.41,1.21604,0.580216,0.24636
32450000,2,-2.49812,-4004.21,2.8029,0.585168,0.2195
32500000,1,0.104868,-4009.5,0.267912,0.581057,0.22886
32550000,1,-0.381947,-4006.89,0.722504,0.579664,0.2134
32600000,1,0.078436,-4011.17,0.232652,0.545496,0.221133
32650000,1,0.234201,-4007.96,0.0935322,0.593068,0.220589
32700000,1,-0.253643,-4007.37,0.562154,0.552751,0.2112
32750000,1,-0.458133,-4016.13,0.731227,0.564149,0.2182
32800000,3,-1.19556,-3997.81,1.06614,0.55795,0.2296
32850000,1,-0.211615,-4008.37,0.52733,0.612318,0.2187
32900000,2,-0.136714,-4002.46,0.867994,0.557763,0.2081
32950000,2,-0.80336,-4005.06,0.57205,0.554325,0.218225
33000000,4,-1.2509,-3989.81,2.40918,0.566242,0.2545
33050000,4,-6.21646,-3997.29,2.00626,0.581278,0.2369
33100000,2,-0.469387,-4003.68,0.715867,0.567044,0.217
33150000,1,0.162507,-4015.62,0.0789053,0.57955,0.223843
33200000,4,0.0738224,-3991.16,1.38339,0.569652,0.2411
33250000,4,-0.837874,-3998.73,2.00673,0.545672,0.26445
33300000,4,-4.79268,-3994.43,5.11104,0.565723,0.2698
33350000,1,0.107543,-4006.53,0.225498,0.579442,0.214425
33400000,1,-0.841739,-4010.54,1.14707,0.561767,0.22295
33450000,1,-1.7674,-4008.57,2.1004,0.60274,0.2201
33500000,1,-0.915932,-4008.47,1.21631,0.547384,0.2195
33550000,1,0.157648,-4010.64,0.230657,0.592182,0.219833
33600000,1,-1.84356,-4009.49,2.14001,0.538583,0.2172
33650000,3,-2.9482,-4002.72,1.91134,0.568858,0.221
33700000,2,-1.08018,-4004.77,1.44218,0.602088,0.2352
33750000,1,-0.0600774,-4007.84,0.381424,0.584547,0.219825
33800000,1,-0.397692,-4007.76,0.714764,0.576925,0.22012
33850000,3,-2.26034,-3996.67,2.27916,0.563784,0.2721
33900000,3,0.0127557,-3991.64,1.23015,0.560015,0.253
33950000,3,-1.2279,-4004.04,2.37684,0.565841,0.2244
34000000,1,-0.0081241,-4007.16,0.341128,0.580274,0.2198
34050000,1,0.105217,-4006.35,0.197727,0.577443,0.217
34100000,1,-2.3684,-4009.21,2.6964,0.556295,0.2066
34150000,1,-1.06044,-4007.1,1.37474,0.566258,0.222729
34200000,2,-1.19604,-4005.41,1.51853,0.56354,0.2137
34250000,1,-0.23694,-4007.48,0.575488,0.582625,0.2199
34300000,2,-2.56521,-4002.77,2.56131,0.57992,0.220375
34350000,1,0.134455,-4006.62,0.181107,0.561842,0.2142
34400000,3,-0.0539839,-3998.32,1.15386,0.594313,0.232933
34450000,3,-0.289906,-3998.82,1.52904,0.558073,0.2509
34500000,1,-0.896075,-4008.43,1.20869,0.593597,0.2295
34550000,2,-1.2657,-4008.58,1.87486,0.590531,0.233275
34600000,1,-0.308735,-4007.27,0.56791,0.579024,0.208
34650000,2,-2.93298,-4002.91,1.14341,0.585533,0.21482
34700000,2,-2.22148,-4006.69,2.87235,0.543011,0.22965
34750000,1,-0.0480828,-4009.06,0.385814,0.59505,0.2218
34800000,1,-0.682416,-4007.93,0.976509,0.550745,0.21945
34850000,2,-1.60585,-4011.48,1.64406,0.574075,0.2197
34900000,1,-0.752264,-4011.48,1.0146,0.555766,0.239333
34950000,2,0.212603,-4004.01,0.476599,0.59035,0.217117
35000000,1,-0.856815,-4009.26,1.08439,0.588847,0.22155
35050000,1,-0.281553,-4007.09,0.600254,0.572989,0.218
35100000,4,-4.48335,-3994.93,2.35408,0.549853,0.2227
35150000,1,-0.827015,-4006.73,1.15236,0.577881,0.23852
35200000,1,0.0756371,-4009.31,0.278574,0.55343,0.2495
35250000,1,-0.0361139,-4009.14,0.34316,0.577139,0.223
35300000,1,-0.603034,-4009.54,0.871419,0.558263,0.2167
35350000,1,-0.114689,-4006.15,0.436224,0.573274,0.221
35400000,2,-0.739272,-4002.17,1.44336,0.599843,0.243667
35450000,1,-1.76156,-4009.62,1.99511,0.551286,0.218067
35500000,1,-0.0738118,-4006.76,0.401713,0.562883,0.220275
35550000,2,-1.81931,-4009.17,2.15014,0.561637,0.22125
35600000,1,0.17764,-4006.86,0.151101,0.568157,0.218625
35650000,3,-1.78345,-3999.16,2.43633,0.588881,0.2589
35700000,1,-0.526353,-4006.1,0.849948,0.574684,0.219925
35750000,1,-0.029616,-4010.1,0.380725,0.56868,0.219725
35800000,1,-0.675936,-4011.19,0.98787,0.53334,0.21175
35850000,2,0.114865,-4005.83,0.353892,0.579129,0.2284
35900000,1,-0.535671,-4015.26,0.753108,0.55462,0.2212
35950000,1,-0.748308,-4007.16,1.07661,0.584169,0.218767
36000000,1,-0.796796,-4007.27,1.11367,0.556156,0.2201
36050000,1,-1.2465,-4007.59,1.54214,0.551204,0.2301
36100000,1,-0.311023,-4009.24,0.668398,0.575526,0.2036
36150000,1,-0.494765,-4008.3,0.848524,0.594634,0.2334
36200000,2,-2.16635,-4003.16,1.80951,0.58362,0.218275
36250000,3,-2.33015,-3997.25,2.56674,0.567305,0.232
36300000,1,-0.109199,-4008.59,0.428965,0.579436,0.235554
36350000,1,-0.243608,-4007.14,0.547689,0.581052,0.222586
36400000,1,0.104162,-4007.04,0.177534,0.575793,0.2116
36450000,2,-2.91503,-4010.78,1.96854,0.592149,0.2306
36500000,4,-1.86503,-3995.76,1.946,0.584901,0.2507
36550000,1,-1.07416,-4010.01,1.30776,0.564704,0.223225
36600000,3,-2.15715,-4003.48,1.7545,0.578497,0.227133
36650000,1,-1.11309,-4007.39,1.44865,0.594756,0.22015
36700000,2,-0.192757,-4005.94,0.905387,0.535494,0.2173
36750000,1,-0.0359265,-4006.59,0.338924,0.581483,0.21695
36800000,1,-1.05662,-4007.89,1.38601,0.58712,0.2085
36850000,3,-2.53331,-4004.29,2.07185,0.618213,0.2118
36900000,4,-4.1117,-3998.65,3.05149,0.557196,0.2327
36950000,1,-1.63251,-4008.43,1.94737,0.588666,0.229733
37000000,4,-3.1622,-3999.32,3.64461,0.566659,0.2516
37050000,1,-0.0794644,-4007.55,0.376515,0.59116,0.21864
37100000,2,-0.816037,-4005.44,0.464329,0.603281,0.2204
37150000,3,-1.25869,-3993.62,2.39847,0.590412,0.2444
37200000,1,-0.00145998,-4006.29,0.300517,0.577579,0.221967
37250000,1,-0.174469,-4006.66,0.479851,0.586514,0.21455
37300000,1,-0.38466,-4014.06,0.644329,0.591398,0.2174
37350000,3,-4.05849,-4003.61,2.80524,0.567234,0.2129
37400000,2,-1.5498,-4004.28,1.33901,0.54718,0.21382
37450000,2,-0.944684,-4006.43,0.842878,0.557807,0.2177
37500000,1,-1.22824,-4015.15,1.65617,0.565076,0.268275
37550000,1,-0.727964,-4008.37,1.08775,0.558651,0.22527
37600000,3,-3.9616,-4005.89,1.27762,0.565366,0.21104
37650000,1,-1.18409,-4012.02,1.45138,0.573255,0.228483
37700000,2,-2.16077,-4003.39,0.783166,0.564595,0.221033
37750000,2,-1.73164,-4007.84,1.03216,0.534279,0.215
37800000,1,-0.0333224,-4009.86,0.312423,0.563384,0.2183
37850000,1,-0.603016,-4009.34,0.95883,0.581804,0.21565
37900000,6,-8.81802,-3989.91,5.12245,0.548683,0.2429
37950000,1,0.10363,-4008.11,0.239928,0.604959,0.219881
38000000,1,-2.05151,-4007.56,2.37457,0.572549,0.223825
38050000,2,-1.66607,-4001.75,1.92784,0.564713,0.2157
38100000,3,-3.36511,-3995.13,2.2892,0.580195,0.2302
38150000,1,-1.48089,-4008.03,1.80073,0.585253,0.22125
38200000,2,-1.90495,-4003.13,1.03438,0.567153,0.231733
38250000,3,-2.38169,-4003.16,2.80762,0.583638,0.2601
38300000,3,-1.542,-3996.66,2.67487,0.600817,0.2516
38350000,4,-1.94284,-3991.84,1.9571,0.584788,0.235136
38400000,1,-0.57608,-4009.52,0.954528,0.593266,0.21275
38450000,1,0.0914619,-4010.38,0.221472,0.615455,0.2605
38500000,1,-0.926276,-4009.85,1.16764,0.552493,0.22255
38550000,1,-0.901382,-4008.08,1.21895,0.584865,0.2212
38600000,2,-1.83728,-4005.72,1.53544,0.586111,0.214175
38650000,1,-0.821487,-4006.4,1.1234,0.576101,0.2228
38700000,1,-0.225316,-4010.14,0.529584,0.562622,0.21905
38750000,2,-3.9561,-4006.84,2.47613,0.5873,0.22225
38800000,1,-0.535299,-4006.08,0.843933,0.58479,0.233986
38850000,1,-1.61229,-4008.2,1.92153,0.599155,0.223955
38900000,3,-3.30544,-4003.22,2.22362,0.57653,0.225933
38950000,1,-0.467408,-4007.66,0.812354,0.561058,0.2217
39000000,1,-0.375317,-4009.38,0.631241,0.584746,0.227
39050000,1,-2.91952,-4007.7,3.23727,0.57464,0.217422
39100000,1,-1.2985,-4009.3,1.61459,0.603487,0.215
39150000,1,-0.0237684,-4008.26,0.344961,0.561254,0.2174
39200000,2,-1.80749,-4002.98,1.18231,0.574902,0.24705
39250000,1,-1.00234,-4009.2,1.34356,0.580092,0.2183
39300000,1,-0.505962,-4008.49,0.782298,0.597351,0.2169
39350000,2,-1.51349,-4007.44,1.70782,0.59146,0.22525
39400000,4,-1.94905,-4006.37,1.44661,0.556325,0.221978
39450000,3,-3.15409,-4007.1,3.40333,0.544226,0.21435
39500000,1,-0.206499,-4009.14,0.430227,0.569097,0.2237
39550000,2,-0.531549,-4002.48,1.29366,0.564474,0.239622
39600000,1,-0.335706,-4006.25,0.653375,0.57512,0.2134
39650000,1,-1.32091,-4006.36,1.64989,0.576672,0.22454
39700000,3,-2.31884,-4005.19,1.96149,0.549074,0.2142
39750000,1,-0.0561129,-4008.42,0.409058,0.582887,0.2226
39800000,3,-1.05109,-3998.7,2.25941,0.589009,0.262
39850000,1,-0.30519,-4008.77,0.577102,0.572511,0.233689
39900000,1,-0.311195,-4010,0.562557,0.585463,0.230553
39950000,2,-1.12045,-4007.9,1.80245,0.594641,0.211425
40000000,1,0.238804,-4011.49,0.100697,0.56361,0.21683
40050000,1,-0.757348,-4009.15,1.08974,0.599398,0.2194
40100000,1,-0.0481477,-4006.53,0.358067,0.58442,0.221225
40150000,1,-0.862908,-4008.04,1.11376,0.579,0.20915
40200000,1,-0.299487,-4006.99,0.639385,0.570757,0.2278
40250000,1,-1.12005,-4006.64,1.43213,0.587259,0.218546
40300000,1,0.164875,-4006.73,0.153974,0.589695,0.21245
40350000,1,-0.0657812,-4008.96,0.398764,0.557968,0.21885
40400000,1,-0.233362,-4007.5,0.503608,0.557379,0.217933
40450000,1,-1.78581,-4006.09,2.09276,0.584535,0.236675
40500000,1,-0.281313,-4008.16,0.537226,0.592106,0.22005
40550000,1,0.0267732,-4011.4,0.275033,0.564503,0.22765
40600000,1,-1.1307,-4007,1.43948,0.562874,0.220033
40650000,1,-0.0938524,-4006.54,0.384044,0.567448,0.2196
40700000,1,-1.1227,-4009.58,1.39053,0.555561,0.2047
40750000,3,-1.63709,-4001.95,2.25157,0.569996,0.224
40800000,1,-2.9678,-4007.28,3.25101,0.563502,0.22146
40850000,2,-1.70972,-4006.82,1.93341,0.582401,0.2131
40900000,1,-1.2862,-4010.93,1.53913,0.61702,0.225825
40950000,1,-0.579302,-4007.78,0.934491,0.569431,0.222533
41000000,2,-0.169108,-4004.05,0.920706,0.567928,0.2149
41050000,2,-1.51762,-4008.62,1.4395,0.591778,0.21912
41100000,1,-0.535317,-4008.25,0.834513,0.605863,0.22295
41150000,3,-2.17188,-4002.77,1.37959,0.56696,0.2383
41200000,2,-1.09709,-4008.58,0.617208,0.592671,0.2275
41250000,1,-1.18748,-4010.53,1.42975,0.603111,0.21645
41300000,1,-0.766528,-4009.06,1.03928,0.574483,0.21845
41350000,2,-2.73132,-4009.37,1.45706,0.608718,0.219267
41400000,1,0.0180982,-4008.05,0.282038,0.589235,0.2232
41450000,3,-2.60035,-4006.09,2.38237,0.574182,0.22115
41500000,2,-2.81547,-4003.18,1.25584,0.577022,0.22526
41550000,2,-0.904228,-4009.11,1.1798,0.56167,0.2217
41600000,2,-0.979162,-4010.44,1.22588,0.5838,0.2202
41650000,3,-1.37429,-3999.71,1.68422,0.55096,0.2257
41700000,1,-0.489754,-4009.83,0.803393,0.555601,0.262038
41750000,1,-0.112254,-4006.38,0.426405,0.59058,0.2582
41800000,1,-0.727169,-4009.22,1.02514,0.574773,0.221625
41850000,1,-0.490702,-4008.64,0.779617,0.583739,0.21645
41900000,2,-3.1068,-4005.79,2.29856,0.58835,0.226
41950000,1,-0.0841846,-4007.64,0.37808,0.594875,0.21395
42000000,2,-1.52802,-4008.74,1.3144,0.549719,0.2217
42050000,1,-0.285449,-4007.29,0.569031,0.561752,0.226425
42100000,3,-1.84441,-4000.15,1.30076,0.584661,0.2122
42150000,2,-2.11074,-4001.97,2.28666,0.580285,0.220243
42200000,2,-2.97776,-4005.53,3.44031,0.568425,0.2292
42250000,1,0.0252694,-4012.17,0.251254,0.583833,0.2165
42300000,1,-0.0125249,-4008.17,0.313862,0.578931,0.2266
42350000,3,-2.87019,-3998.75,2.33451,0.603927,0.2732
42400000,2,-1.32098,-4003.19,1.90713,0.588257,0.2236
42450000,3,-5.11174,-4004.21,3.31287,0.586384,0.233875
42500000,1,-0.111488,-4007.87,0.430735,0.585386,0.22762
42550000,1,-0.317261,-4007.41,0.575535,0.583031,0.21615
42600000,1,-0.311495,-4008.31,0.672348,0.585423,0.219067
42650000,2,-6.17404,-4004.92,2.86321,0.572721,0.217433
42700000,3,-5.10442,-4001.92,3.65702,0.568439,0.2384
42750000,2,-0.903708,-4003.04,0.461493,0.582517,0.211
42800000,2,-1.04454,-4007.53,1.24535,0.59253,0.2174
42850000,1,-0.569696,-4008.91,0.905492,0.581323,0.222383
42900000,3,-2.01759,-4000.69,0.687455,0.581413,0.231267
42950000,1,-0.335488,-4007.36,0.668323,0.576941,0.2193
43000000,2,-1.4794,-4014.74,2.11097,0.582823,0.221238
43050000,1,-1.27651,-4008.87,1.59885,0.579612,0.2143
43100000,1,0.158807,-4006.68,0.139589,0.580669,0.2132
43150000,1,0.222391,-4008.78,0.0820525,0.556478,0.227133
43200000,3,-1.10211,-4004.31,1.53069,0.593857,0.234567
43250000,1,-0.796248,-4011.01,1.13145,0.623364,0.2206
43300000,1,-1.29997,-4008.07,1.56139,0.566021,0.221329
43350000,2,-1.21778,-4007.34,0.324592,0.586536,0.218817
43400000,1,-1.11394,-4006.92,1.44026,0.572414,0.221525
43450000,3,-1.42071,-3998.81,0.968579,0.600001,0.219267
43500000,1,-2.67338,-4007.75,2.93217,0.587019,0.22725
43550000,1,-0.0861901,-4007.11,0.404407,0.597288,0.226167
43600000,2,-1.62938,-4005.05,1.02306,0.549884,0.2287
43650000,2,-0.993142,-4003.2,1.17934,0.565161,0.221443
43700000,1,-0.13985,-4006.84,0.462389,0.597881,0.22885
43750000,1,-1.67239,-4010.44,1.98733,0.582415,0.218275
43800000,3,0.113581,-3992.9,0.907725,0.5753,0.2585
43850000,1,0.00780779,-4009.88,0.295914,0.580005,0.239425
43900000,1,-0.194581,-4009.06,0.443955,0.602539,0.2114
43950000,1,-2.00695,-4008.35,2.35037,0.555313,0.216144
44000000,1,-1.14443,-4007.24,1.4385,0.573551,0.2073
44050000,3,-1.4046,-3997.58,1.3102,0.552997,0.2365
44100000,2,-0.466129,-4006.24,0.908127,0.584085,0.2105
44150000,1,-0.230298,-4011.66,0.516118,0.539454,0.22205
44200000,1,-1.27994,-4009.09,1.56949,0.592009,0.2251
44250000,2,-2.968,-4006.43,1.72793,0.600842,0.218533
44300000,1,-0.270538,-4008.33,0.566802,0.604521,0.21215
44350000,1,-1.67187,-4007.75,2.03148,0.570941,0.2028
44400000,1,-0.653369,-4006.48,0.948275,0.573552,0.216733
44450000,2,-1.88408,-4005.91,1.15895,0.60317,0.217
44500000,3,-3.41648,-4007.3,1.67549,0.580166,0.2234
44550000,1,-0.0245138,-4016.5,0.510897,0.554007,0.254763
44600000,1,-0.32891,-4007.72,0.634609,0.571001,0.2205
44650000,2,-1.87691,-4006.48,2.03837,0.552606,0.21832
44700000,3,-1.65514,-4000.39,1.7487,0.569561,0.2202
44750000,1,0.080173,-4008.23,0.195138,0.581008,0.219743
44800000,5,-4.65031,-4002.02,3.15058,0.580622,0.219683
44850000,1,-0.446286,-4011.23,0.821598,0.585067,0.225033
44900000,3,-4.38896,-4008.61,2.0215,0.55965,0.22178
44950000,1,-2.49731,-4007.38,2.8091,0.599879,0.218533
45000000,1,-0.974424,-4006.31,1.29969,0.566415,0.2132
45050000,1,-1.01029,-4006.92,1.28115,0.582079,0.2247
45100000,1,-0.277292,-4007.66,0.589713,0.566251,0.21984
45150000,2,-3.50032,-4006.12,1.07421,0.585948,0.22315
45200000,1,-1.08318,-4007.01,1.41027,0.593783,0.2309
45250000,3,-0.982193,-4003.36,1.62897,0.591082,0.228424
45300000,1,-0.296633,-4006.74,0.641796,0.581086,0.21755
45350000,2,-0.692335,-4009.45,0.889379,0.55813,0.224733
45400000,1,-0.97019,-4008.29,1.26764,0.549397,0.2313
45450000,2,-1.73057,-4002.47,0.651325,0.590959,0.222567
45500000,1,-1.01866,-4007.83,1.35733,0.591132,0.2265
45550000,1,0.147817,-4008.82,0.181011,0.583954,0.220229
45600000,4,-2.8014,-3994.55,4.02614,0.550566,0.2466
45650000,1,-1.21513,-4008.52,1.51657,0.592746,0.2142
45700000,1,-1.22909,-4006.61,1.54702,0.579751,0.21995
45750000,1,-1.11267,-4008.61,1.39546,0.568906,0.21505
45800000,1,-0.0386546,-4006.9,0.349561,0.577251,0.2308
45850000,1,0.0600199,-4011.62,0.299047,0.60182,0.224578
45900000,1,-1.42005,-4009.77,1.77606,0.589299,0.2203
45950000,4,-1.61263,-3997.19,1.9856,0.603515,0.227
46000000,3,-1.59689,-3995.26,1.11223,0.570957,0.22105
46050000,1,-1.17361,-4007.94,1.53082,0.58593,0.23625
46100000,1,-0.414096,-4006.87,0.729819,0.583172,0.215633
46150000,1,-0.856507,-4007.28,1.12272,0.566615,0.248871
46200000,1,0.116566,-4006.63,0.161356,0.566195,0.2166
46250000,1,-1.64408,-4008.53,1.90295,0.550634,0.227975
46300000,3,-1.47201,-3997.09,1.90097,0.561275,0.269
46350000,3,0.107629,-3995.8,1.14147,0.575868,0.24164
46400000,1,-0.446891,-4007.62,0.783446,0.583414,0.23002
46450000,1,-2.37728,-4009.82,2.72613,0.579726,0.223
46500000,1,-1.76186,-4007.39,2.08905,0.589389,0.22253
46550000,1,0.213418,-4008.06,0.0617117,0.579496,0.227214
46600000,3,-1.18192,-4005.25,1.92428,0.606571,0.2077
46650000,2,-1.58372,-4005.58,0.786859,0.567673,0.219857
46700000,1,-0.489292,-4006.43,0.826615,0.578572,0.21755
46750000,2,-1.43023,-4010.04,1.80452,0.585834,0.218633
46800000,2,-1.27483,-4003.14,1.18029,0.577563,0.22464
46850000,1,-0.723756,-4008.86,0.950529,0.570631,0.2125
46900000,1,-0.699947,-4008.13,1.0207,0.583353,0.218787
46950000,1,-0.480744,-4006.92,0.757735,0.580974,0.2209
47000000,1,-0.62883,-4007,0.917546,0.57788,0.22435
47050000,1,-2.20977,-4007.61,2.5087,0.552162,0.224867
47100000,1,-0.740948,-4011.63,1.00028,0.572347,0.2195
47150000,1,-0.970265,-4006.09,1.26924,0.577502,0.21969
47200000,3,-4.8747,-4003.18,2.90299,0.548834,0.2204
47250000,1,-0.700526,-4010.35,0.96821,0.543806,0.218433
47300000,2,-3.69011,-4009.23,3.10217,0.595455,0.212867
47350000,2,-2.32612,-4003.71,0.966413,0.565565,0.2265
47400000,1,-1.11238,-4007.57,1.44636,0.562758,0.21765
47450000,2,-2.10768,-4003.06,1.74874,0.587664,0.2053
47500000,1,-1.14978,-4010.83,1.40092,0.544008,0.219414
47550000,3,-0.921151,-4000.42,1.97524,0.56847,0.2432
47600000,2,-0.682956,-4004.98,1.3022,0.552772,0.220043
47650000,4,-0.0415804,-3997.6,0.653972,0.581208,0.22734
47700000,1,0.210061,-4007.68,0.0793592,0.551187,0.225718
47750000,2,-2.15551,-4004.14,2.4912,0.571141,0.218086
47800000,1,-1.68611,-4006.83,2.00664,0.591719,0.2154
47850000,1,-0.00764272,-4014.16,0.324497,0.579141,0.2406
47900000,1,-0.192724,-4007.12,0.489054,0.590332,0.218557
47950000,2,-1.09012,-4004.03,1.32925,0.573212,0.219567
48000000,1,-0.979468,-4007.4,1.30192,0.574147,0.2176
48050000,2,-2.75094,-4002.95,2.17603,0.589511,0.2139
48100000,2,-2.27671,-4002.84,1.6203,0.563329,0.217567
48150000,2,-1.77056,-4007.24,2.33938,0.570184,0.2244
48200000,1,0.0222974,-4008.74,0.286695,0.59527,0.220736
48250000,2,0.126571,-4004.63,0.620694,0.573783,0.2489
48300000,2,-1.58102,-4004.12,0.983546,0.602277,0.22386
48350000,1,-0.88021,-4011.29,1.15984,0.555031,0.2169
48400000,2,-1.83809,-4002.72,1.87578,0.58618,0.243411
48450000,5,-1.56507,-3988.17,3.12693,0.579606,0.2397
48500000,1,-0.88041,-4007.5,1.17337,0.586047,0.2199
48550000,1,-0.164189,-4009.27,0.452768,0.56175,0.215423
48600000,2,-2.88446,-4004.37,2.70557,0.605022,0.218771
48650000,3,-1.24206,-3998.68,0.592477,0.580805,0.219783
48700000,1,-2.31586,-4010.96,2.56057,0.575238,0.2194
48750000,1,-0.886667,-4008.22,1.17582,0.566579,0.2392
48800000,1,-0.61971,-4006.71,0.949522,0.576191,0.220225
48850000,3,-2.3473,-4002.95,2.23008,0.557614,0.222617
48900000,1,-0.316124,-4007.67,0.650578,0.57606,0.2387
48950000,1,-0.0534732,-4006.59,0.329454,0.566837,0.21595
49000000,1,-0.492034,-4008.18,0.830246,0.55598,0.225933
49050000,1,0.0937648,-4006.76,0.224194,0.574166,0.2146
49100000,1,0.0409427,-4012.46,0.212515,0.623431,0.226056
49150000,3,-2.39694,-4004.37,2.60915,0.573504,0.219785
49200000,1,-1.32456,-4007.59,1.62288,0.588326,0.2187
49250000,1,-0.397832,-4008.58,0.745172,0.590098,0.217786
49300000,2,-1.56458,-4005.02,0.849595,0.58128,0.22775
49350000,1,0.0377319,-4010.14,0.287817,0.546337,0.21908
49400000,2,-1.76639,-4003.23,2.01401,0.556337,0.216829
49450000,2,0.241581,-4005.8,0.502352,0.562137,0.2575
49500000,1,-0.943815,-4008.83,1.28406,0.5976,0.217982
49550000,1,-0.156017,-4009.39,0.378077,0.567178,0.2051
49600000,1,-0.225405,-4007.58,0.541648,0.577832,0.2169
49650000,1,-1.06864,-4009.1,1.40705,0.591578,0.20935
49700000,1,-0.0536694,-4010.09,0.377463,0.579861,0.21345
49750000,1,-0.20293,-4008.95,0.463114,0.573325,0.2201
49800000,3,-4.61862,-4002.2,2.79668,0.577038,0.2167
49850000,3,-1.78432,-3995.33,2.89717,0.563585,0.25302
49900000,1,-0.55853,-4008.34,0.917453,0.569683,0.2467
49950000,1,-2.00023,-4007.28,2.3038,0.560135,0.238943
