generation,N_shifts,logPrior,logLik,eventRate,preservationRate,acceptRate
0,0,-1,-9654.13,1,0.43,0
100000,1,0.151248,-5498.44,0.306846,0.364078,0.2209
200000,3,-2.69831,-5495.85,1.58011,0.355999,0.2098
300000,3,-3.10188,-5485.22,2.80537,0.357282,0.2557
400000,4,-4.56389,-5485.3,3.94375,0.363534,0.2508
500000,3,-2.74398,-5483.08,3.70177,0.363836,0.258
600000,3,-3.56569,-5483.55,4.08686,0.381186,0.2516
700000,3,-3.26933,-5481.82,2.40797,0.372379,0.2518
800000,2,0.312683,-5497.7,0.592888,0.373135,0.2372
900000,3,-3.1478,-5488.52,2.24863,0.38104,0.2461
1000000,1,-0.805872,-5498.67,1.26916,0.376662,0.2366
1100000,3,-1.89782,-5482.94,1.9734,0.371809,0.2519
1200000,3,-2.64931,-5491.65,1.24769,0.366371,0.2715
1300000,4,-1.02147,-5480.03,1.61525,0.395443,0.2502
1400000,1,0.00332283,-5501.8,0.4043,0.375207,0.2191
1500000,4,-2.59134,-5482.76,2.18009,0.379514,0.2578
1600000,3,-1.77926,-5482.06,0.734585,0.369803,0.2547
1700000,4,-2.67226,-5484.8,2.37602,0.385941,0.2605
1800000,3,-2.7895,-5485.28,2.28986,0.38056,0.2432
1900000,1,-0.200008,-5499.27,0.703738,0.367896,0.219
2000000,2,-2.40326,-5496.34,3.171,0.364707,0.209
2100000,2,-2.6219,-5496.8,1.41717,0.362132,0.2064
2200000,2,-1.78134,-5504.13,1.7013,0.383719,0.2849
2300000,3,-2.19978,-5481.58,2.08057,0.360746,0.2543
2400000,2,-1.90833,-5497.82,2.22529,0.37463,0.214
2500000,2,-1.96901,-5496.43,0.823764,0.376511,0.2135
2600000,3,-0.606388,-5484.65,1.2038,0.370361,0.2531
2700000,3,-3.25251,-5488.44,2.8622,0.3665,0.2235
2800000,2,-0.832874,-5495.36,1.05136,0.373356,0.221
2900000,2,-1.07237,-5496.96,1.81861,0.370502,0.2414
3000000,4,-1.17353,-5477.55,0.863314,0.377145,0.2513
3100000,2,0.414986,-5496.56,0.378112,0.380882,0.2513
3200000,2,-1.31454,-5498.2,2.20478,0.352168,0.2174
3300000,4,-0.842949,-5485.67,0.892795,0.348956,0.2444
3400000,2,-0.728748,-5498.56,1.01932,0.377714,0.2226
3500000,3,-4.18248,-5482.89,4.42725,0.369817,0.2575
3600000,3,-2.81472,-5487.86,3.76069,0.361049,0.2457
3700000,3,-2.97442,-5480.24,2.34176,0.366998,0.2492
3800000,1,-0.559822,-5502.53,0.89868,0.369191,0.2093
3900000,3,-0.616447,-5483.08,1.23142,0.362893,0.2502
4000000,3,-2.91752,-5488.93,3.89375,0.381283,0.2561
4100000,3,-2.67598,-5482.77,3.1266,0.368435,0.2432
4200000,3,-2.1398,-5483.15,1.59255,0.379921,0.2505
4300000,1,-0.00778981,-5505.71,0.439651,0.357366,0.2301
4400000,1,-0.251476,-5498.73,0.694678,0.366357,0.2072
4500000,1,-0.776055,-5501.39,1.20159,0.363355,0.2212
4600000,1,-0.0585797,-5501.84,0.447546,0.363147,0.2208
4700000,3,-0.607493,-5490.07,1.33934,0.370674,0.2502
4800000,1,-1.00793,-5499.27,1.46285,0.367957,0.2309
4900000,3,-1.70384,-5482.48,1.88437,0.361538,0.2282
5000000,2,-3.09403,-5501.67,3.76631,0.376922,0.2119
5100000,3,-0.999563,-5490.76,1.8796,0.36668,0.2192
5200000,3,-0.631477,-5483.11,0.989607,0.358985,0.2459
5300000,3,-3.60843,-5482.4,3.91889,0.377071,0.2588
5400000,4,-2.14995,-5484.66,3.24377,0.384724,0.2603
5500000,3,-0.918331,-5485.82,1.73592,0.356527,0.2406
5600000,2,-4.23497,-5502.98,1.7737,0.390537,0.2701
5700000,4,-1.49108,-5481.72,2.11585,0.362004,0.2524
5800000,1,-1.17566,-5503.36,1.60052,0.34303,0.2191
5900000,2,-2.74721,-5497.94,2.22307,0.38258,0.2735
6000000,4,-3.96666,-5486.56,4.78533,0.365559,0.2496
6100000,3,-0.978125,-5490.57,2.08774,0.375103,0.2629
6200000,4,-0.535296,-5495.13,0.984709,0.378728,0.2814
6300000,3,-1.87469,-5488.35,2.15518,0.358674,0.2531
6400000,3,-1.98152,-5482.51,1.70571,0.368011,0.2558
6500000,3,-0.862528,-5491.92,0.766664,0.357578,0.2527
6600000,4,-2.43184,-5487.49,2.66964,0.384494,0.2596
6700000,3,-3.60333,-5483.93,3.50363,0.37529,0.2536
6800000,1,-1.72059,-5505.25,2.19103,0.358466,0.2009
6900000,1,-1.30679,-5501.13,1.79809,0.350365,0.2491
7000000,3,-3.06248,-5485,2.3887,0.356862,0.2535
7100000,3,-2.72563,-5483.4,1.94251,0.38466,0.2631
7200000,2,-0.557695,-5491.24,1.37434,0.379526,0.2438
7300000,3,-2.47983,-5480.13,2.00985,0.377322,0.2555
7400000,4,-1.81074,-5480.83,2.68115,0.354356,0.2582
7500000,3,-2.55791,-5486.15,2.84757,0.350561,0.2512
7600000,3,-1.04661,-5484.98,0.773984,0.370304,0.2432
7700000,3,-1.57616,-5485.7,1.9171,0.376093,0.2356
7800000,4,-0.794168,-5476.39,1.91433,0.369855,0.251
7900000,1,0.390535,-5506.21,0.10136,0.361979,0.2324
8000000,1,0.0815447,-5500.35,0.37311,0.363803,0.2299
8100000,3,-4.80818,-5487.38,1.90686,0.368822,0.2456
8200000,2,-1.00863,-5501.27,0.780835,0.363424,0.2387
8300000,0,-0.10904,-5514.45,0.10904,0.352932,0.2194
8400000,3,-1.70287,-5486.23,2.38117,0.380284,0.2414
8500000,0,-0.244232,-5514.48,0.244232,0.383513,0.2262
8600000,1,-0.813723,-5503.51,1.17517,0.352066,0.2145
8700000,1,-0.370052,-5499.08,0.839551,0.354905,0.2503
8800000,1,-0.685866,-5506,1.01846,0.379077,0.2457
8900000,3,-1.49624,-5487.32,2.13207,0.360946,0.2489
9000000,3,-2.80109,-5482.75,2.5574,0.37374,0.2462
9100000,4,-2.44419,-5482.34,1.89423,0.368471,0.2529
9200000,1,-0.192823,-5501.98,0.539682,0.366281,0.2079
9300000,3,0.257601,-5488.25,0.875305,0.354885,0.2475
9400000,3,-2.34119,-5490.54,2.02773,0.390243,0.2221
9500000,4,-2.21075,-5483.07,1.44176,0.374619,0.2642
9600000,3,-2.23706,-5483.86,2.86474,0.365962,0.2528
9700000,0,-0.244418,-5515.2,0.244418,0.362794,0.2213
9800000,6,-4.7119,-5476.23,4.17272,0.383904,0.2523
9900000,1,-1.96073,-5502.22,2.31338,0.377837,0.2391
10000000,2,-2.56349,-5492.74,3.32114,0.36359,0.2559
10100000,3,-2.22025,-5486.33,3.04356,0.366758,0.2531
10200000,3,-2.66198,-5485.25,1.67928,0.372488,0.2449
10300000,3,-1.43482,-5482.7,1.69282,0.372568,0.2343
10400000,1,-0.399853,-5499.32,0.898224,0.3591,0.2033
10500000,4,-3.79396,-5479.21,2.83172,0.364423,0.257
10600000,5,-3.54523,-5484.07,3.32744,0.362721,0.2586
10700000,3,0.398939,-5483.35,1.17707,0.36795,0.2673
10800000,1,-0.184879,-5500.74,0.632472,0.365799,0.2206
10900000,4,-2.59482,-5483.27,2.69012,0.360345,0.2488
11000000,3,-3.23249,-5487.13,3.1131,0.380297,0.2559
11100000,3,-1.6139,-5487.68,0.85555,0.361719,0.2656
11200000,4,-1.17278,-5489.22,2.86974,0.359524,0.2247
11300000,1,-2.46074,-5505.66,2.9175,0.373573,0.2307
11400000,4,-2.66648,-5498.95,2.71631,0.368252,0.2656
11500000,5,-2.33656,-5483.29,2.37365,0.357436,0.2545
11600000,3,-3.98898,-5483.96,3.33706,0.371513,0.2598
11700000,2,-1.94228,-5503.07,1.51144,0.373978,0.2364
11800000,1,-0.281968,-5505.07,0.648684,0.349087,0.2468
11900000,3,-2.4664,-5482.61,2.60918,0.366111,0.2454
12000000,1,-0.326712,-5498.08,0.78041,0.36535,0.2138
12100000,2,-3.68362,-5498.19,2.68412,0.366309,0.203
12200000,2,0.13126,-5494.51,0.75263,0.355523,0.2227
12300000,3,-0.570457,-5486.23,1.40712,0.357672,0.2437
12400000,4,-2.67639,-5491.28,1.20879,0.379988,0.2647
12500000,1,-0.566548,-5499.29,1.04641,0.364868,0.2153
12600000,1,-1.02588,-5499.74,1.46376,0.372173,0.2136
12700000,2,-0.89919,-5494.73,1.65692,0.355245,0.2496
12800000,1,-0.0258131,-5498.48,0.456509,0.368279,0.2287
12900000,1,0.264089,-5500.68,0.178639,0.367446,0.2176
13000000,4,-1.9847,-5480.58,1.58096,0.389269,0.2791
13100000,2,-1.38902,-5499.13,1.72695,0.373797,0.217
13200000,1,-0.260871,-5500.84,0.752344,0.372683,0.2292
13300000,3,-0.893101,-5484.32,1.56878,0.3717,0.2557
13400000,3,-0.347885,-5489.92,1.14204,0.373396,0.2468
13500000,3,-3.72674,-5485.86,2.94843,0.357751,0.2488
13600000,3,-2.06871,-5483.95,1.64114,0.354864,0.2488
13700000,4,-4.25469,-5485.1,2.29836,0.382351,0.2548
13800000,3,-3.79045,-5481.96,2.95755,0.367416,0.2495
13900000,3,-3.17587,-5482.1,3.90687,0.370311,0.2478
14000000,0,-1.12373,-5514.41,1.12373,0.37967,0.21
14100000,2,-1.06589,-5497.83,1.42599,0.369041,0.2306
14200000,3,-1.73638,-5485.99,1.46331,0.370127,0.2523
14300000,1,-0.0550243,-5504.39,0.439544,0.385976,0.236
14400000,3,-1.95567,-5488.61,2.2246,0.369182,0.2416
14500000,5,-2.47667,-5488.7,2.57244,0.357733,0.2465
14600000,4,-0.827228,-5478.97,1.56108,0.383747,0.2565
14700000,5,-0.578577,-5486.51,2.32792,0.385361,0.2671
14800000,4,-3.70004,-5482.41,3.61708,0.371208,0.2386
14900000,1,-0.162719,-5498.45,0.608197,0.376904,0.2215
15000000,3,-3.62634,-5482.99,2.96328,0.383935,0.2465
15100000,2,-1.71037,-5496.14,2.00039,0.368408,0.2314
15200000,1,-0.301736,-5505.21,0.699879,0.366125,0.2264
15300000,1,-0.217172,-5501.86,0.535984,0.372333,0.2127
15400000,3,-4.68748,-5493.29,2.24071,0.371926,0.2732
15500000,1,-1.34354,-5499.38,1.79024,0.370827,0.2429
15600000,1,-0.700439,-5499.58,1.14836,0.365303,0.2231
15700000,5,-2.14519,-5483.67,1.53214,0.366497,0.2598
15800000,3,-1.84471,-5481.71,1.81873,0.368305,0.2438
15900000,3,-0.60777,-5481.63,0.31571,0.364605,0.2499
16000000,4,-4.70086,-5484.13,1.24452,0.358609,0.257
16100000,3,-1.32296,-5486.41,1.84727,0.366923,0.2469
16200000,1,-0.0529338,-5499.38,0.479195,0.35855,0.2368
16300000,2,0.112824,-5500.32,0.248456,0.353484,0.2322
16400000,2,0.277797,-5492.04,0.560686,0.34971,0.234
16500000,1,-1.55665,-5506.62,2.0411,0.381172,0.224
16600000,3,-0.192772,-5484.48,0.832776,0.370428,0.2306
16700000,3,-0.128827,-5490.85,0.541282,0.377399,0.2594
16800000,2,-0.431222,-5503.4,0.609318,0.37554,0.2136
16900000,3,-1.85836,-5482.53,1.82101,0.382826,0.2482
17000000,1,-0.594369,-5505.04,0.979723,0.368423,0.2211
17100000,4,-2.70774,-5480.35,2.71092,0.364344,0.2605
17200000,3,-2.50258,-5483.84,2.14696,0.37456,0.2414
17300000,3,-1.24145,-5488.68,0.991502,0.385075,0.2507
17400000,3,-1.59866,-5482.52,1.36222,0.37787,0.2444
17500000,3,-3.65309,-5484.95,2.61712,0.362038,0.2413
17600000,2,-1.61934,-5498.73,0.636245,0.369842,0.2245
17700000,4,-2.52022,-5477.37,2.751,0.372718,0.2505
17800000,1,0.0127002,-5502.69,0.339718,0.357536,0.2049
17900000,1,-0.59972,-5511.26,0.287016,0.380134,0.2053
18000000,4,-3.74916,-5477.28,2.2229,0.372465,0.2596
18100000,3,-1.74432,-5485.4,0.484287,0.358215,0.2565
18200000,1,-0.500026,-5500.87,0.991988,0.3757,0.2389
18300000,3,-3.41205,-5483.11,3.82188,0.37603,0.2468
18400000,4,-2.71962,-5487.84,2.08474,0.369148,0.2559
18500000,4,-4.69644,-5480.67,3.16955,0.380467,0.2482
18600000,3,-1.64395,-5482.37,2.49823,0.374025,0.2512
18700000,3,-1.22155,-5482.3,1.28837,0.373414,0.2518
18800000,3,-2.39599,-5493.6,2.32055,0.363643,0.245
18900000,3,-1.54706,-5486.31,1.74294,0.385367,0.252
19000000,1,-0.590224,-5498.6,1.04937,0.36331,0.225
19100000,3,-1.30109,-5489.65,1.75351,0.359088,0.2683
19200000,3,-2.18612,-5484.6,2.3048,0.369792,0.2589
19300000,2,0.469787,-5492.35,0.303779,0.377398,0.2165
19400000,1,-0.210385,-5499.54,0.703045,0.373415,0.2169
19500000,0,-0.699275,-5516.71,0.699275,0.38608,0.2158
19600000,0,-0.275041,-5514.03,0.275041,0.375405,0.2306
19700000,1,0.162558,-5504.41,0.329884,0.374473,0.256
19800000,3,-1.8844,-5485.09,2.90089,0.367749,0.2583
19900000,3,-2.47969,-5485.3,2.31256,0.373566,0.2457
20000000,5,-1.92005,-5478.02,2.78646,0.372477,0.2527
20100000,1,-0.554209,-5503.64,0.870711,0.359869,0.2098
20200000,4,-2.33272,-5480.92,2.91194,0.352812,0.2419
20300000,4,-1.42408,-5490.29,2.68925,0.379917,0.2375
20400000,2,-2.21575,-5495.8,3.00964,0.363291,0.2172
20500000,1,-0.168772,-5505.94,0.628451,0.388394,0.2344
20600000,2,-0.401454,-5490.58,1.18444,0.373276,0.2337
20700000,4,-1.30781,-5479.04,1.77334,0.387537,0.2606
20800000,4,-4.97406,-5481.98,3.50468,0.364009,0.2627
20900000,1,-1.15832,-5507.97,1.56516,0.363875,0.2549
21000000,3,-0.613795,-5487.3,0.887256,0.363026,0.2308
21100000,3,-2.83481,-5484.51,2.93576,0.365371,0.2569
21200000,4,-2.17476,-5484.47,1.54643,0.372578,0.2575
21300000,3,-2.13717,-5487.67,2.43423,0.369257,0.2452
21400000,3,-0.988449,-5485.81,1.84551,0.367306,0.2434
21500000,3,-2.74077,-5488.82,2.12618,0.368002,0.263
21600000,5,-4.03278,-5481.07,3.4038,0.365053,0.2718
21700000,1,-0.604472,-5505.52,1.05636,0.353367,0.2218
21800000,2,0.0907655,-5491.21,0.632351,0.383959,0.2306
21900000,3,-4.80486,-5482,4.2357,0.380069,0.2557
22000000,0,-1.17395,-5513.9,1.17395,0.372742,0.2168
22100000,1,-0.438339,-5507.27,0.843792,0.367041,0.2395
22200000,1,-0.971481,-5500.06,1.45599,0.360804,0.2165
22300000,3,-1.53221,-5487.2,1.67462,0.375742,0.2306
22400000,2,-0.751344,-5502.09,1.21461,0.366264,0.1934
22500000,3,-2.24208,-5490.53,1.60919,0.381104,0.2464
22600000,4,-3.35687,-5490.91,2.85854,0.361281,0.2666
22700000,3,-1.43658,-5485.15,2.14016,0.384748,0.2567
22800000,1,0.203702,-5501.12,0.253124,0.377417,0.2161
22900000,0,-0.251588,-5513.95,0.251588,0.3822,0.2863
23000000,4,-1.80404,-5491.12,2.97794,0.378418,0.2515
23100000,3,-2.67194,-5499.86,2.62405,0.377987,0.2208
23200000,3,-1.60548,-5485.06,1.77779,0.381939,0.2585
23300000,3,-3.39074,-5482.98,2.13368,0.369687,0.2508
23400000,3,-4.25319,-5483.82,2.86375,0.361142,0.2533
23500000,3,-2.2077,-5481.19,1.90638,0.367942,0.2467
23600000,4,-6.07737,-5483.58,3.86872,0.366426,0.2498
23700000,0,-0.367935,-5513.85,0.367935,0.377419,0.2364
23800000,1,-1.37039,-5502.02,1.72429,0.371793,0.2079
23900000,4,-2.41453,-5479.8,2.24982,0.373596,0.245
24000000,1,-1.06006,-5503.39,1.36663,0.373102,0.192
24100000,1,-1.54489,-5501.47,2.02238,0.345963,0.2183
24200000,2,-0.597063,-5499.76,1.27433,0.366365,0.207
24300000,3,-1.96932,-5488,2.1064,0.365263,0.2583
24400000,4,-1.4563,-5481.14,1.33079,0.366381,0.2507
24500000,3,-1.43821,-5484.29,1.21734,0.353756,0.2271
24600000,5,-2.33006,-5482,1.57847,0.390013,0.251
24700000,3,-3.12206,-5483.51,2.50166,0.358986,0.25
24800000,3,-4.37712,-5486.74,2.03229,0.381368,0.2511
24900000,3,-3.33826,-5482.53,2.72452,0.364977,0.2558
25000000,3,-0.796496,-5483.42,0.957709,0.386568,0.2485
25100000,3,-1.94479,-5484.43,2.00112,0.366636,0.2561
25200000,3,-0.988962,-5486.75,1.77023,0.368723,0.2401
25300000,1,0.303258,-5499.45,0.144454,0.370449,0.2486
25400000,5,-4.37936,-5471.92,4.63959,0.377496,0.2652
25500000,4,-1.15431,-5492.18,1.29826,0.387554,0.2588
25600000,3,-1.49785,-5494.37,1.7546,0.365484,0.267
25700000,2,-4.05834,-5496.82,2.91273,0.36401,0.2284
25800000,3,-0.84375,-5489.18,1.48586,0.377104,0.246
25900000,3,-4.31628,-5487.12,3.04346,0.371138,0.2523
26000000,4,-2.03782,-5482.94,2.25269,0.357711,0.2534
26100000,1,-0.269098,-5503.76,0.664298,0.363716,0.2078
26200000,3,-1.73045,-5495.19,1.4656,0.383474,0.2132
26300000,3,-1.1113,-5482.3,0.977293,0.363773,0.2596
26400000,3,-3.47854,-5480.8,2.82784,0.371905,0.2615
26500000,4,-5.00672,-5488.56,2.84187,0.375591,0.2764
26600000,2,-0.686269,-5491.11,1.48509,0.381072,0.2407
26700000,3,-3.67636,-5484.19,3.07063,0.352319,0.2358
26800000,3,-4.75569,-5498.24,4.57244,0.376598,0.2158
26900000,3,-0.878589,-5490.07,1.6517,0.367338,0.2638
27000000,3,-0.950706,-5484.98,1.67772,0.377999,0.243
27100000,3,-3.36823,-5486.37,3.84552,0.357486,0.2303
27200000,3,-0.625396,-5484.31,1.36471,0.369623,0.2596
27300000,4,-1.54248,-5486.9,1.0846,0.3845,0.2696
27400000,3,-0.879219,-5484.75,1.46636,0.362121,0.2509
27500000,1,-0.0871923,-5499.24,0.552794,0.367233,0.2072
27600000,3,-1.5908,-5492.71,2.24869,0.371883,0.2432
27700000,4,-1.52838,-5483.56,1.94841,0.356841,0.2594
27800000,3,0.276348,-5486.93,0.714122,0.35642,0.2301
27900000,2,-0.608652,-5490.96,1.34901,0.364852,0.2419
28000000,3,-2.01229,-5482.49,1.45409,0.377062,0.2546
28100000,3,-1.50286,-5484.73,0.807387,0.359556,0.2417
28200000,1,-0.503845,-5504.08,0.937411,0.357254,0.2084
28300000,2,-1.22549,-5496.32,2.12296,0.370059,0.261
28400000,1,0.302031,-5505.15,0.114383,0.378364,0.2104
28500000,3,-4.23854,-5481.14,4.18822,0.365581,0.2373
28600000,2,-0.276223,-5496.75,0.943941,0.382622,0.2477
28700000,4,-5.19199,-5494.58,6.0925,0.390115,0.2369
28800000,1,0.0846057,-5498.16,0.388474,0.372274,0.234
28900000,3,-1.52359,-5487.92,1.21416,0.373169,0.2451
29000000,3,-1.95757,-5485.7,2.56698,0.363931,0.2646
29100000,3,-0.358188,-5482.63,0.788334,0.364564,0.2451
29200000,3,-1.10571,-5486.81,1.89832,0.360476,0.2475
29300000,3,-0.637932,-5485.39,1.53708,0.36882,0.2261
29400000,3,-1.84159,-5483.26,1.86964,0.366263,0.2373
29500000,2,-0.716336,-5499.58,1.55218,0.367638,0.2426
29600000,3,-2.97441,-5483.91,3.20696,0.371961,0.2452
29700000,4,-4.13766,-5481.61,4.68017,0.371751,0.2515
29800000,2,-1.8984,-5503.95,1.92841,0.368298,0.2247
29900000,1,-0.269987,-5501.16,0.655785,0.36264,0.2368
30000000,3,-0.373595,-5486.05,0.640501,0.365812,0.2649
30100000,2,-2.35713,-5502.56,2.08741,0.362436,0.2258
30200000,0,-0.198198,-5514.48,0.198198,0.379616,0.2187
30300000,3,-2.44147,-5487.98,1.42286,0.377169,0.2603
30400000,3,-3.52809,-5485.12,1.66698,0.370491,0.26
30500000,4,-0.737323,-5488,1.13371,0.353758,0.2495
30600000,2,-0.219762,-5495.71,1.20502,0.368585,0.2411
30700000,0,-0.581308,-5513.67,0.581308,0.365319,0.2091
30800000,2,-2.31508,-5496.47,1.15483,0.368874,0.2235
30900000,3,-1.56765,-5490.47,1.76356,0.360157,0.2536
31000000,3,-4.4289,-5488.88,1.45267,0.385755,0.2525
31100000,1,-1.45,-5509.8,1.83642,0.364475,0.2305
31200000,3,-2.91368,-5491.25,2.53235,0.353664,0.2562
31300000,2,-0.647797,-5496.52,0.290894,0.370668,0.2261
31400000,4,-3.57517,-5483.63,2.48409,0.352321,0.2601
31500000,3,-2.27496,-5484.98,1.97816,0.378776,0.2526
31600000,3,-1.62699,-5487.84,1.05767,0.368447,0.2449
31700000,4,-2.49616,-5489.34,2.00929,0.363523,0.2435
31800000,1,-2.27788,-5511.91,0.928428,0.388542,0.2785
31900000,3,-0.9578,-5483.53,1.19867,0.361753,0.2403
32000000,3,-1.4196,-5486.26,1.3187,0.356558,0.2616
32100000,3,-3.31703,-5485.85,1.89433,0.355292,0.2476
32200000,2,-1.12063,-5494.65,2.12673,0.352815,0.2319
32300000,4,-2.59413,-5480.55,1.63201,0.351254,0.261
32400000,3,-0.670926,-5488.94,1.38015,0.353456,0.2447
32500000,3,-0.778385,-5481.39,0.918334,0.364356,0.2604
32600000,3,-0.107416,-5484.93,1.46911,0.376609,0.2419
32700000,1,-1.31766,-5500.12,1.74221,0.366729,0.2082
32800000,2,-0.548497,-5492.64,1.24569,0.375365,0.2299
32900000,2,-0.982656,-5497.1,1.74871,0.367516,0.211
33000000,2,-2.02136,-5491.4,2.94013,0.365897,0.243
33100000,3,-2.1753,-5484.37,1.45269,0.354742,0.2534
33200000,2,-1.65676,-5491.14,2.37205,0.358459,0.2331
33300000,4,-2.34725,-5490.29,1.31794,0.374506,0.2411
33400000,1,-0.204786,-5499.26,0.668552,0.37937,0.2244
33500000,1,0.0157386,-5506.29,0.483871,0.375824,0.2325
33600000,1,-1.46605,-5511.81,0.210247,0.375305,0.2333
33700000,0,-0.143111,-5513.75,0.143111,0.35612,0.2122
33800000,2,-1.69989,-5502.33,1.57544,0.357962,0.2066
33900000,3,-3.89013,-5489.59,2.7393,0.352113,0.2277
34000000,1,-0.246458,-5504.46,0.665567,0.342383,0.225
34100000,3,-1.76602,-5489.4,1.57606,0.356333,0.2507
34200000,2,-0.0584915,-5498.18,0.639444,0.375629,0.225
34300000,3,-0.630024,-5483.21,1.38674,0.366244,0.235
34400000,2,-0.747521,-5491.36,1.65235,0.36584,0.2528
34500000,3,-1.0376,-5484.02,1.58642,0.383902,0.2531
34600000,3,-0.140537,-5483.17,0.46629,0.36008,0.2452
34700000,3,-1.69916,-5483.12,1.22462,0.372095,0.265
34800000,1,0.245137,-5504.09,0.2474,0.372114,0.2098
34900000,3,-4.05103,-5484.94,3.9779,0.382051,0.2565
35000000,3,-1.05563,-5482.02,0.962888,0.382243,0.2495
35100000,3,-2.302,-5483.13,0.919269,0.376415,0.2536
35200000,4,-3.1816,-5482.29,3.26377,0.372308,0.2537
35300000,1,-1.04542,-5500.01,1.50768,0.35781,0.2375
35400000,4,-5.0447,-5482.05,2.55855,0.366957,0.2285
35500000,3,-0.990106,-5485.29,1.81966,0.392247,0.2497
35600000,1,-0.554094,-5499.36,1.0114,0.379084,0.2284
35700000,3,-1.34661,-5485.05,2.12537,0.369992,0.2497
35800000,2,-1.25156,-5506.81,1.32439,0.358453,0.2099
35900000,3,-2.49002,-5502.9,2.63407,0.372019,0.2053
36000000,2,-0.933674,-5499.62,1.71638,0.369058,0.2164
36100000,2,0.340321,-5500.41,0.447388,0.383494,0.2466
36200000,3,-1.01877,-5500.58,0.932915,0.390954,0.2334
36300000,3,-1.77499,-5484.29,2.58249,0.386154,0.2588
36400000,3,-2.74448,-5485.45,2.27673,0.361514,0.2368
36500000,1,-1.09353,-5498.88,1.5543,0.363445,0.2394
36600000,0,-0.406295,-5514.43,0.406295,0.35563,0.2144
36700000,3,-0.928128,-5489.16,1.17854,0.375831,0.2584
36800000,1,-0.350241,-5502.39,0.785943,0.361585,0.2125
36900000,3,-2.23572,-5484.51,3.03242,0.380219,0.2512
37000000,0,-0.115972,-5512.76,0.115972,0.36671,0.2241
37100000,1,-0.116814,-5501.64,0.618141,0.361418,0.2422
37200000,4,-4.94799,-5482.54,4.22937,0.370949,0.2371
37300000,0,-0.565317,-5512.91,0.565317,0.3652,0.2419
37400000,3,-0.120213,-5486.26,1.00647,0.364668,0.2551
37500000,2,-0.512582,-5490.84,1.29021,0.37206,0.2216
37600000,0,-0.605658,-5513.38,0.605658,0.367569,0.2241
37700000,3,-2.03071,-5486.24,2.93456,0.380599,0.2465
37800000,3,-2.80863,-5483.27,1.91487,0.370935,0.2514
37900000,4,-1.14789,-5484.36,1.16257,0.362656,0.2505
38000000,0,-1.01235,-5512.62,1.01235,0.366093,0.2316
38100000,3,-1.96759,-5485.37,0.971585,0.382242,0.253
38200000,3,-4.0958,-5488.02,3.3681,0.366981,0.2536
38300000,3,0.124765,-5491.61,0.781052,0.385688,0.2669
38400000,3,-1.62168,-5491.14,2.14438,0.359745,0.2382
38500000,3,-1.30215,-5495.71,0.884179,0.377202,0.219
38600000,2,-0.503994,-5495.38,0.397443,0.375203,0.241
38700000,3,-3.94285,-5482.09,3.35867,0.361849,0.2585
38800000,2,-1.62235,-5500.63,0.909128,0.371778,0.2153
38900000,1,-0.00498241,-5501.74,0.367464,0.369681,0.2245
39000000,3,-3.94333,-5493.2,4.33285,0.381854,0.2335
39100000,3,-5.28136,-5485.28,4.7209,0.355182,0.2576
39200000,2,0.154717,-5490.33,0.690356,0.367787,0.2344
39300000,1,-1.83166,-5508.51,1.33857,0.369935,0.2129
39400000,1,-1.85932,-5502.21,2.23545,0.37601,0.2107
39500000,3,-1.80834,-5485.81,0.526556,0.369839,0.2475
39600000,3,0.355295,-5483.03,0.957465,0.368548,0.2754
39700000,2,-0.129129,-5498.85,0.809614,0.365399,0.2143
39800000,4,-3.33214,-5491.23,2.49047,0.365625,0.2582
39900000,3,-3.6937,-5484.96,2.74243,0.37484,0.252
40000000,3,-0.971019,-5485.23,0.504298,0.372942,0.2495
40100000,1,0.157028,-5501.08,0.341454,0.381897,0.2227
40200000,4,-2.45007,-5479.63,2.52067,0.363239,0.2553
40300000,4,-5.34252,-5481.62,3.65797,0.363076,0.2559
40400000,5,-2.92148,-5483.01,3.08908,0.367475,0.2436
40500000,1,-0.133131,-5504.29,0.562632,0.364397,0.2208
40600000,5,-2.04388,-5486.67,3.2474,0.362657,0.2729
40700000,2,-1.68274,-5490.81,2.46596,0.367407,0.2569
40800000,3,-2.4861,-5488.09,2.86446,0.382541,0.2447
40900000,3,-2.133,-5482.41,1.25127,0.35964,0.2538
41000000,1,-0.687355,-5502.15,1.04374,0.377769,0.2409
41100000,3,-0.687225,-5497.05,0.751463,0.38197,0.2455
41200000,3,-1.76944,-5482.08,1.3956,0.372027,0.2538
41300000,2,-1.27454,-5490.82,2.05489,0.373337,0.2164
41400000,3,-1.19646,-5483.39,1.28143,0.371566,0.2548
41500000,3,-1.67776,-5500.45,1.46017,0.371065,0.2221
41600000,8,-3.39229,-5479.7,4.72667,0.369422,0.2529
41700000,3,-2.56748,-5482.91,2.35561,0.374395,0.2671
41800000,6,-1.40426,-5476.79,1.6785,0.364934,0.2667
41900000,3,-0.807969,-5482.18,2.16602,0.374599,0.2613
42000000,0,-0.513226,-5512.71,0.513226,0.372334,0.2673
42100000,3,-1.4306,-5482.99,1.35538,0.375067,0.2493
42200000,3,-0.794503,-5483.96,1.17574,0.355274,0.2489
42300000,3,-3.39914,-5481.19,3.59862,0.361062,0.2542
42400000,3,-0.494662,-5490.18,1.10055,0.371051,0.2448
42500000,3,-1.85602,-5485.67,1.32026,0.36689,0.2498
42600000,3,-1.22701,-5483.04,1.52773,0.376316,0.2563
42700000,4,-2.41573,-5482.1,1.37754,0.364471,0.2554
42800000,1,-0.0277999,-5502.93,0.433661,0.376716,0.2262
42900000,0,-0.334652,-5512.98,0.334652,0.36782,0.2073
43000000,3,-0.605464,-5484.03,1.05145,0.382162,0.2533
43100000,3,-1.4751,-5483.39,1.89876,0.371851,0.2639
43200000,3,-0.799768,-5491.26,1.983,0.383467,0.2322
43300000,3,-1.40802,-5486.96,1.25313,0.366907,0.249
43400000,3,-0.162534,-5493.55,0.870761,0.370675,0.2651
43500000,3,-2.44123,-5484.9,3.39051,0.365984,0.2447
43600000,3,-0.657451,-5485.52,1.44551,0.369933,0.2505
43700000,1,-0.624547,-5502.28,0.988675,0.375959,0.1991
43800000,3,-5.10094,-5489.56,3.24696,0.380862,0.2424
43900000,3,-0.516759,-5486.77,1.57271,0.393441,0.268
44000000,3,-1.60046,-5483.28,1.85425,0.369226,0.2525
44100000,3,-3.17329,-5490.49,1.99395,0.374412,0.2551
44200000,3,-1.52901,-5484.79,1.90869,0.371435,0.2612
44300000,5,-2.82074,-5480.05,0.931211,0.366636,0.2525
44400000,3,-1.69789,-5498.33,1.93933,0.356862,0.2112
44500000,2,-0.666877,-5502.2,0.729763,0.365854,0.2114
44600000,5,-1.18096,-5478.18,2.46697,0.378531,0.2486
44700000,1,-0.785365,-5499.7,1.23208,0.365986,0.2361
44800000,1,-1.63643,-5500.63,2.06632,0.376822,0.2177
44900000,3,-1.54265,-5492.44,1.95714,0.363234,0.2761
45000000,3,-1.46602,-5482.03,1.47817,0.375814,0.2337
45100000,1,0.264055,-5499.75,0.215126,0.3727,0.2261
45200000,3,-1.09023,-5484.43,0.810642,0.36965,0.2541
45300000,2,0.283452,-5503.97,0.400108,0.379729,0.2472
45400000,3,-2.63023,-5486.13,1.81911,0.369269,0.2268
45500000,3,-0.586157,-5484.48,0.70633,0.350288,0.2592
45600000,2,0.424573,-5489.39,0.403897,0.371938,0.2673
45700000,3,-0.924579,-5484.01,2.20371,0.367699,0.253
45800000,1,-0.175678,-5498.8,0.640836,0.377962,0.2147
45900000,4,-0.67178,-5484.04,0.91336,0.362274,0.2528
46000000,3,-3.22414,-5486.38,0.759477,0.369108,0.2492
46100000,1,-1.31735,-5499,1.75762,0.358371,0.207
46200000,1,-0.993786,-5499.54,1.45363,0.368844,0.2316
46300000,3,-2.8573,-5495.99,1.87573,0.377347,0.2289
46400000,3,-5.24583,-5486.05,4.2255,0.386421,0.2442
46500000,3,-3.83485,-5485.26,3.06305,0.366169,0.2436
46600000,1,0.216735,-5499.2,0.245572,0.380491,0.204
46700000,1,-2.06432,-5509.04,1.16179,0.367614,0.2353
46800000,3,-2.72885,-5497.77,2.54537,0.365381,0.2817
46900000,3,-0.241892,-5486.92,1.39154,0.371998,0.2444
47000000,3,-2.54592,-5484.58,3.11965,0.376391,0.2543
47100000,2,-0.914713,-5492.43,1.63479,0.35601,0.2475
47200000,1,0.206989,-5502.78,0.299387,0.35959,0.2111
47300000,3,-1.90061,-5483.89,1.5332,0.351467,0.2486
47400000,4,-2.38259,-5475.75,2.33934,0.361311,0.2642
47500000,4,-3.3186,-5487.1,3.70857,0.360722,0.2461
47600000,1,-2.69073,-5509.13,1.69847,0.375053,0.2173
47700000,3,-1.21148,-5485.08,0.717978,0.376754,0.2428
47800000,3,-0.899264,-5494.36,1.68159,0.372532,0.2487
47900000,3,-3.22529,-5488.23,2.80363,0.365367,0.24
48000000,4,-5.29649,-5488.52,4.52575,0.369915,0.2695
48100000,3,-0.729585,-5484.15,1.5175,0.373805,0.2388
48200000,1,0.0128116,-5499.86,0.39372,0.364872,0.2383
48300000,4,-0.700037,-5485.63,2.43514,0.363626,0.2388
48400000,2,-2.4367,-5501,1.45432,0.353506,0.2179
48500000,1,0.239372,-5499.63,0.207551,0.373623,0.231
48600000,2,-0.991198,-5491.86,1.86961,0.358232,0.2379
48700000,5,-3.95785,-5483.42,3.27372,0.357359,0.2602
48800000,1,0.0519966,-5507.38,0.456677,0.377789,0.2194
48900000,4,-3.42129,-5482.09,2.00305,0.362185,0.2461
49000000,1,-0.761953,-5502.6,1.12601,0.374303,0.2171
49100000,2,-2.80174,-5498.85,2.81045,0.365111,0.2209
49200000,3,-4.19094,-5484.81,2.67051,0.377751,0.2448
49300000,5,-3.59639,-5482.35,2.66209,0.364001,0.2478
49400000,1,-0.97208,-5502.05,1.46307,0.354954,0.2058
49500000,5,-3.62069,-5480.51,1.72791,0.366163,0.2461
49600000,2,-2.26957,-5491.49,3.12695,0.392693,0.2206
49700000,4,-2.26355,-5481.08,3.3864,0.382868,0.2616
49800000,2,0.251168,-5491.39,0.50576,0.37465,0.239
49900000,1,0.316143,-5503.76,0.0925405,0.344306,0.2023
50000000,3,-3.99673,-5490.95,1.16488,0.356679,0.254
50100000,3,-1.74602,-5486.13,2.6001,0.359001,0.2448
50200000,4,-1.9035,-5483.25,2.18997,0.373452,0.2484
50300000,1,-0.863035,-5500.14,1.27974,0.367599,0.2422
50400000,3,-3.57145,-5484.62,2.56584,0.359606,0.2604
50500000,3,-0.835592,-5480.7,1.13237,0.370753,0.2564
50600000,3,-1.81557,-5485.31,1.71062,0.349388,0.2583
50700000,3,-0.931701,-5484.27,1.57615,0.368541,0.249
50800000,4,-5.13315,-5480.18,4.36283,0.358137,0.2493
50900000,3,-3.02153,-5486.88,1.9263,0.368205,0.2415
51000000,3,-3.86211,-5482.56,2.16901,0.367874,0.2594
51100000,4,-1.85514,-5479.8,1.30331,0.374967,0.2557
51200000,4,-1.90819,-5473.86,2.84641,0.361085,0.2671
51300000,3,-2.20285,-5486.44,2.01819,0.357612,0.2573
51400000,5,-7.73331,-5483.22,5.38078,0.364675,0.2608
51500000,3,-3.15505,-5481.97,2.09589,0.35628,0.2488
51600000,1,0.233891,-5500.31,0.223636,0.366947,0.2248
51700000,5,-3.00092,-5479.32,2.64876,0.380086,0.2565
51800000,2,-0.369742,-5498.22,0.688219,0.377959,0.2214
51900000,1,-0.678094,-5498.71,1.13265,0.381399,0.2157
52000000,3,-0.882232,-5483.79,1.35481,0.365576,0.2587
52100000,2,0.304054,-5493.73,0.47105,0.357055,0.2262
52200000,5,-2.00931,-5472.36,1.65554,0.360836,0.2471
52300000,2,-1.35165,-5500.2,1.37179,0.366594,0.2232
52400000,3,-2.18229,-5482.17,1.54331,0.370829,0.2488
52500000,1,-0.244138,-5506.47,0.562304,0.362471,0.2299
52600000,1,-0.358783,-5498.73,0.783986,0.362779,0.2237
52700000,4,-1.21484,-5483.96,1.60045,0.35731,0.2535
52800000,5,-3.7126,-5478.43,4.96549,0.392755,0.2532
52900000,3,-2.06341,-5490.57,2.87258,0.351247,0.2385
53000000,4,-4.62763,-5484.54,3.67845,0.371155,0.2513
53100000,4,-2.97648,-5478.24,1.9667,0.37373,0.2608
53200000,4,-1.77019,-5478.44,2.93055,0.369554,0.2724
53300000,3,-0.313377,-5484.49,1.73997,0.370046,0.2642
53400000,4,-3.33223,-5481.52,2.6615,0.369011,0.2515
53500000,4,-1.22339,-5483.23,2.03962,0.372207,0.2517
53600000,5,-2.62558,-5478.47,2.44163,0.356517,0.2525
53700000,1,-0.387875,-5501,0.827538,0.35332,0.2162
53800000,2,-0.987905,-5495.19,0.483909,0.38541,0.2468
53900000,3,-3.5464,-5481.69,3.16544,0.36514,0.2437
54000000,2,-1.17969,-5493.15,1.88284,0.367739,0.247
54100000,5,-2.82173,-5482.75,1.81991,0.370379,0.2549
54200000,6,-3.21275,-5489.06,3.52764,0.358662,0.2632
54300000,4,-4.15269,-5479.42,2.83617,0.369397,0.254
54400000,1,0.203024,-5505.98,0.206195,0.360412,0.2016
54500000,3,-0.772449,-5487.72,1.44604,0.36755,0.2524
54600000,3,-2.64828,-5483.13,2.91151,0.379763,0.25
54700000,1,-0.0274766,-5500.75,0.526291,0.380897,0.2226
54800000,3,-1.6164,-5482.71,2.30892,0.375806,0.2536
54900000,3,-3.73083,-5487.2,2.89776,0.388689,0.2561
55000000,1,-0.689739,-5499.2,1.11484,0.36941,0.217
55100000,2,-1.71296,-5490.61,2.5228,0.374013,0.2275
55200000,3,-3.60287,-5482.9,3.10601,0.367734,0.2565
55300000,4,-1.36741,-5479.48,2.13944,0.362678,0.2498
55400000,4,-3.65809,-5482.9,4.33228,0.378291,0.2505
55500000,2,-1.32965,-5490.48,2.13935,0.376576,0.2175
55600000,1,0.0641592,-5505.64,0.264795,0.354474,0.2156
55700000,3,-0.739229,-5491.11,1.02298,0.360335,0.2433
55800000,4,-3.70991,-5490.71,2.79433,0.363605,0.2202
55900000,2,-1.41269,-5489.42,2.20873,0.370665,0.2435
56000000,4,-2.51278,-5488.22,2.30816,0.359666,0.2493
56100000,4,-4.07815,-5480.52,3.69574,0.371892,0.2578
56200000,3,-3.62254,-5484.61,3.64747,0.381663,0.2524
56300000,3,-3.81918,-5484.87,3.20264,0.367037,0.2501
56400000,1,-0.152019,-5508.04,0.581426,0.347498,0.2392
56500000,4,-1.67573,-5485.73,2.18094,0.364835,0.2456
56600000,3,-1.92741,-5485.62,1.42545,0.369793,0.2518
56700000,5,-2.8563,-5485.72,1.48531,0.365359,0.2622
56800000,1,-0.815748,-5501.08,1.28599,0.387509,0.2301
56900000,2,-0.484925,-5492.15,1.19507,0.372714,0.2355
57000000,1,-0.0608205,-5498.91,0.481646,0.372854,0.2361
57100000,2,-0.499858,-5499.13,0.637155,0.366152,0.2285
57200000,3,-2.1187,-5481.63,0.860362,0.374358,0.2543
57300000,0,-0.139572,-5513.83,0.139572,0.363367,0.226
57400000,2,-3.16884,-5501.88,2.5394,0.386707,0.2663
57500000,1,-0.767579,-5499.04,1.24314,0.367743,0.2399
57600000,4,-5.52152,-5489.51,4.36295,0.372747,0.2409
57700000,0,-0.364481,-5515.61,0.364481,0.369417,0.2311
57800000,3,-2.57988,-5485.41,1.50288,0.360551,0.2517
57900000,4,-2.41588,-5482.78,2.49067,0.374767,0.2401
58000000,3,-3.41517,-5482.08,3.32486,0.375407,0.2587
58100000,1,-0.473797,-5505.85,0.916954,0.368775,0.215
58200000,3,0.418703,-5486.38,0.49239,0.382778,0.2586
58300000,5,-3.2182,-5476.61,2.64972,0.382289,0.275
58400000,3,0.342852,-5489.76,0.580483,0.375701,0.2237
58500000,3,-4.9475,-5484.95,4.38966,0.364569,0.2555
58600000,1,-0.651945,-5498.99,1.09332,0.359631,0.218
58700000,3,-1.40694,-5484.65,1.04609,0.362068,0.2637
58800000,3,-2.19869,-5486.01,1.66856,0.37836,0.2538
58900000,4,-2.43578,-5478.5,2.07591,0.380382,0.2481
59000000,4,-3.99609,-5482.21,3.73163,0.375182,0.2505
59100000,3,-2.15254,-5484.9,1.92641,0.375817,0.2521
59200000,4,-0.894735,-5495.87,1.22879,0.364169,0.2614
59300000,6,-4.60747,-5483.74,3.25524,0.369527,0.2573
59400000,1,-0.289841,-5512.2,0.310143,0.367998,0.2422
59500000,3,-2.38485,-5481.26,2.38067,0.369203,0.247
59600000,3,-2.11902,-5492.72,2.20083,0.370422,0.2601
59700000,3,-1.95577,-5484.47,1.37317,0.3769,0.249
59800000,3,-0.278642,-5487.17,1.05406,0.362489,0.2407
59900000,3,-2.89391,-5482.42,3.35395,0.370834,0.2541
60000000,3,-0.973556,-5483.74,1.51544,0.372313,0.2175
60100000,4,-1.86683,-5489.89,3.07631,0.377188,0.2547
60200000,3,-1.67258,-5482.98,1.44654,0.361249,0.2636
60300000,3,-1.93868,-5490.99,1.51871,0.354244,0.238
60400000,3,0.0934387,-5488.23,0.887834,0.351406,0.2486
60500000,2,-4.26674,-5500.14,5.15951,0.374351,0.2254
60600000,0,-0.0762836,-5513.52,0.0762836,0.366725,0.2205
60700000,2,0.36924,-5498.13,0.378778,0.361072,0.2261
60800000,3,-1.75313,-5490.32,2.18609,0.357964,0.2486
60900000,3,-3.81284,-5487.01,2.944,0.382832,0.2456
61000000,3,-1.02327,-5481.77,1.19786,0.371832,0.2535
61100000,1,-1.64064,-5511.62,0.100652,0.348807,0.2569
61200000,5,-3.38841,-5479.33,2.02653,0.355757,0.2438
61300000,1,-0.877782,-5501.36,1.23617,0.370738,0.2044
61400000,3,-2.01566,-5488.1,2.27792,0.373772,0.2615
61500000,3,-1.22893,-5481.23,1.32851,0.377497,0.2484
61600000,3,-2.1942,-5488.05,1.75021,0.360537,0.263
61700000,3,-1.59088,-5494.89,2.05482,0.3745,0.2497
61800000,1,0.0972478,-5507.51,0.269139,0.358974,0.2511
61900000,4,-5.47704,-5485.08,3.32183,0.386394,0.2379
62000000,2,0.318263,-5495.42,0.434524,0.366691,0.2127
62100000,3,-4.00653,-5483.16,3.90684,0.352836,0.2546
62200000,3,-0.973403,-5480.58,1.3707,0.378681,0.2544
62300000,3,-6.49327,-5482.43,5.06494,0.371856,0.2568
62400000,3,-0.616587,-5488.82,0.437646,0.368699,0.2375
62500000,2,-0.362712,-5492.11,1.13347,0.388019,0.2446
62600000,3,-4.05828,-5491.37,2.51205,0.361849,0.219
62700000,2,-0.0298002,-5494,0.914134,0.357411,0.242
62800000,2,-1.44939,-5491.31,2.23684,0.373813,0.2562
62900000,3,-1.83272,-5489.08,1.19521,0.370534,0.2505
63000000,3,-1.67383,-5484.88,2.08587,0.363606,0.2575
63100000,2,-0.639175,-5499.03,1.45273,0.349286,0.2213
63200000,2,-0.726039,-5492.23,1.49538,0.381802,0.2381
63300000,3,-1.59302,-5491.75,1.00227,0.389491,0.2667
63400000,4,0.233587,-5487.44,0.771171,0.380156,0.2459
63500000,4,-3.27969,-5480.35,3.45075,0.36172,0.2555
63600000,3,-3.14459,-5481.84,3.40778,0.360595,0.2556
63700000,1,0.176987,-5499.05,0.30113,0.377838,0.1975
63800000,4,-6.36001,-5482.1,3.69446,0.38344,0.2276
63900000,3,-1.36818,-5488.95,1.49572,0.371434,0.2073
64000000,2,-2.26846,-5496.84,1.59821,0.372399,0.2749
64100000,3,-2.65702,-5483.06,3.47954,0.371317,0.2454
64200000,3,-0.951884,-5486.1,1.44843,0.390995,0.2548
64300000,2,-0.933057,-5500.5,0.340451,0.363583,0.2168
64400000,1,-0.0497603,-5505.13,0.389834,0.357768,0.2149
64500000,3,-3.65926,-5487.17,3.29997,0.360665,0.2493
64600000,3,-1.59312,-5485.65,1.12463,0.357771,0.2551
64700000,3,-1.73627,-5486.9,1.82563,0.375657,0.2747
64800000,3,-1.83507,-5483.42,1.63835,0.369783,0.2512
64900000,2,-0.823176,-5497.76,1.64374,0.37331,0.2245
65000000,4,-2.20289,-5489.16,0.968603,0.352797,0.2237
65100000,3,-2.90917,-5489.44,0.915963,0.350175,0.2593
65200000,1,0.302775,-5504.95,0.122299,0.381492,0.2297
65300000,4,-3.88833,-5486.09,3.44226,0.360436,0.2619
65400000,3,-3.07286,-5494.68,2.06163,0.362016,0.2314
65500000,1,-0.145998,-5499.77,0.600474,0.361788,0.2214
65600000,3,-2.45483,-5485.45,2.82522,0.362118,0.2499
65700000,5,-0.523008,-5476.86,1.43237,0.360672,0.2743
65800000,3,-1.95636,-5491.09,2.15551,0.359303,0.2567
65900000,4,-2.45881,-5486.12,1.20303,0.361155,0.2561
66000000,3,-2.89259,-5483.23,2.41409,0.358254,0.2524
66100000,3,-2.32617,-5488.43,2.23734,0.376539,0.2573
66200000,1,-0.179685,-5503.4,0.512986,0.368945,0.1959
66300000,1,-1.53507,-5499.33,2.00418,0.365845,0.2186
66400000,3,-1.90278,-5482.87,2.27382,0.379495,0.2508
66500000,3,-3.86012,-5491.82,3.6186,0.363706,0.269
66600000,3,-2.33002,-5488.38,3.22259,0.372366,0.2529
66700000,2,0.186059,-5489.96,0.691478,0.37103,0.2362
66800000,1,0.0775326,-5502.18,0.34483,0.380796,0.2198
66900000,3,-4.82152,-5501.69,5.27105,0.377152,0.2321
67000000,4,-3.11745,-5477.06,3.02203,0.382552,0.257
67100000,2,-1.16038,-5500.12,1.81614,0.356372,0.2276
67200000,4,-1.09517,-5482.96,1.19654,0.370425,0.2517
67300000,3,-2.23816,-5485.47,1.62698,0.374817,0.2467
67400000,4,-6.59675,-5480.37,5.54039,0.367692,0.2573
67500000,1,-0.562339,-5499.55,0.990933,0.361108,0.2299
67600000,3,-3.85981,-5483.5,3.05942,0.382451,0.2544
67700000,3,-1.36773,-5483.7,2.11795,0.375479,0.2565
67800000,2,-1.76678,-5492.37,2.56952,0.375905,0.2538
67900000,3,-2.46743,-5485.87,2.66186,0.380742,0.256
68000000,3,-0.9972,-5482.13,1.22196,0.37453,0.2513
68100000,3,-1.94733,-5485.42,0.676628,0.365692,0.2516
68200000,1,0.175711,-5499.71,0.241179,0.36694,0.2246
68300000,3,0.553219,-5491.64,0.738769,0.380361,0.256
68400000,1,-0.0138852,-5499.72,0.485471,0.36464,0.2359
68500000,3,-1.60032,-5490.35,2.69955,0.355058,0.2402
68600000,2,-0.994252,-5490.34,1.84492,0.378542,0.2523
68700000,3,-1.57921,-5484.95,1.38879,0.377459,0.2543
68800000,3,-3.7129,-5486.98,2.96331,0.350881,0.2534
68900000,2,-0.509304,-5492.73,1.25421,0.35672,0.2518
69000000,3,-1.70009,-5486.98,1.68384,0.353643,0.2339
69100000,1,-1.74021,-5501.26,2.11724,0.368858,0.1992
69200000,2,-3.27362,-5504.85,3.53554,0.354498,0.24
69300000,1,-0.137261,-5502.05,0.470775,0.367785,0.1953
69400000,3,-2.81077,-5497.8,1.63304,0.37663,0.223
69500000,3,-4.11543,-5487.81,2.05517,0.371398,0.2702
69600000,3,-2.27772,-5488.93,1.48748,0.36757,0.2435
69700000,3,-6.17532,-5481.25,6.38451,0.359513,0.2218
69800000,2,-2.3312,-5495.74,3.16804,0.358922,0.2489
69900000,1,-0.792236,-5497.98,1.26916,0.368322,0.2132
70000000,3,-1.70757,-5490.73,1.4017,0.358605,0.2432
70100000,3,-3.27722,-5483.16,2.54226,0.3664,0.2281
70200000,0,-0.308153,-5513,0.308153,0.372766,0.2087
70300000,0,-0.188135,-5512.63,0.188135,0.372467,0.2136
70400000,3,-1.55379,-5482.69,1.62486,0.364431,0.2534
70500000,0,-0.304454,-5514.77,0.304454,0.389868,0.2551
70600000,1,-0.414879,-5503.49,0.794427,0.366231,0.2041
70700000,4,-1.3515,-5481.03,1.58465,0.35895,0.2403
70800000,2,-1.73541,-5492.27,2.63493,0.369654,0.2182
70900000,3,-2.0982,-5483.99,2.33775,0.367497,0.2532
71000000,3,-0.724035,-5485.23,1.18085,0.380043,0.2509
71100000,3,-1.14845,-5484.77,1.74767,0.381808,0.2462
71200000,4,-5.35094,-5479.63,3.96611,0.369533,0.2507
71300000,3,-3.1074,-5484.02,2.09393,0.377701,0.251
71400000,1,-0.784671,-5501.63,1.19471,0.365582,0.2383
71500000,1,-0.919538,-5500.29,1.36042,0.372118,0.2208
71600000,0,-0.809724,-5515.82,0.809724,0.355735,0.2141
71700000,2,-1.43024,-5498.85,0.853265,0.37764,0.2164
71800000,1,-1.11403,-5505.16,1.54397,0.358062,0.23
71900000,3,-3.25849,-5484.84,2.29433,0.36898,0.2512
72000000,2,-2.01674,-5497.39,2.76885,0.365806,0.2508
72100000,3,-1.4231,-5482.63,0.640854,0.375491,0.2637
72200000,3,-1.09341,-5487.32,0.541115,0.347301,0.2495
72300000,3,-0.433668,-5484.18,0.329276,0.393081,0.2545
72400000,2,0.272127,-5489.4,0.562389,0.360569,0.2492
72500000,3,-0.780432,-5482.56,1.33915,0.361576,0.2599
72600000,4,-2.17766,-5485.24,2.48723,0.362125,0.2524
72700000,2,-0.633978,-5491.66,1.39218,0.356053,0.2522
72800000,4,-3.74847,-5477.78,3.30248,0.376399,0.2448
72900000,1,-0.232446,-5499.84,0.707286,0.364601,0.2271
73000000,2,-1.22633,-5492.88,2.02437,0.391002,0.2373
73100000,5,-4.3351,-5489.26,2.92317,0.356326,0.2418
73200000,4,-2.52752,-5481.7,2.32682,0.364958,0.2513
73300000,5,-3.12612,-5469.62,3.06574,0.366805,0.2556
73400000,3,-2.69016,-5482.88,2.85057,0.373825,0.2387
73500000,4,-1.96435,-5484.44,2.10895,0.367919,0.225
73600000,3,-2.47759,-5498.05,2.06682,0.370467,0.2772
73700000,2,0.0928166,-5491.69,0.742156,0.385037,0.2206
73800000,2,-0.5171,-5504.55,0.646901,0.379226,0.2065
73900000,2,-0.598913,-5502.16,1.47558,0.36082,0.2219
74000000,1,0.237174,-5501.88,0.178842,0.382618,0.2301
74100000,1,0.376919,-5498.91,0.0823453,0.368848,0.217
74200000,3,-4.32224,-5486.18,3.98373,0.385924,0.2578
74300000,0,-1.8934,-5517.1,1.8934,0.381237,0.2097
74400000,4,-3.76196,-5482.74,2.9641,0.360532,0.2325
74500000,4,-2.19132,-5483.75,1.25647,0.366757,0.2533
74600000,1,-0.187738,-5502.27,0.679762,0.36192,0.2257
74700000,5,-1.93141,-5481.97,2.58034,0.375898,0.2439
74800000,3,-2.86136,-5482.01,2.10191,0.367151,0.229
74900000,5,-1.43852,-5483.07,0.974391,0.360302,0.2514
75000000,5,-5.09918,-5474.51,6.24001,0.376753,0.2663
75100000,2,-0.78612,-5496.27,1.17341,0.377766,0.2091
75200000,3,-1.05268,-5484.81,1.93404,0.359322,0.2255
75300000,3,-0.521268,-5494.57,1.29141,0.367369,0.2497
75400000,2,-1.58301,-5496.69,2.35302,0.370943,0.2401
75500000,1,-0.963969,-5502.59,1.33406,0.355187,0.2086
75600000,4,-2.91927,-5480.08,1.86088,0.364723,0.256
75700000,3,-2.65954,-5480.68,2.40671,0.364304,0.245
75800000,2,-1.42215,-5496.42,1.63079,0.372086,0.203
75900000,3,-2.34933,-5493.88,3.23828,0.375939,0.2872
76000000,1,-0.257366,-5502.25,0.622368,0.382697,0.2437
76100000,1,-0.590288,-5500.96,1.11079,0.380015,0.2197
76200000,1,-0.306553,-5498.9,0.788787,0.373453,0.2292
76300000,1,-1.72139,-5498.87,2.15083,0.365237,0.2168
76400000,2,0.157269,-5492.39,0.597066,0.368464,0.2309
76500000,3,-3.64881,-5483.98,3.29825,0.367062,0.2494
76600000,1,-0.296351,-5502.72,0.647782,0.369683,0.2034
76700000,6,0.0344036,-5484.92,1.23635,0.361582,0.2518
76800000,2,-0.502336,-5490.02,1.33291,0.373727,0.2394
76900000,3,0.353711,-5486.53,1.05579,0.369789,0.2546
77000000,3,-2.39728,-5489.66,2.14448,0.369775,0.2509
77100000,3,0.149853,-5484.09,0.364448,0.367571,0.2395
77200000,4,-1.59365,-5481.86,1.35228,0.357578,0.2535
77300000,5,-1.91998,-5485.98,2.57836,0.370108,0.2595
77400000,3,-2.89411,-5485.07,2.14053,0.369271,0.2466
77500000,3,-2.12864,-5489.99,2.46509,0.351865,0.2325
77600000,5,-3.29323,-5484.54,3.36435,0.383634,0.2378
77700000,1,-1.11883,-5502.22,1.50144,0.357302,0.1995
77800000,0,-0.11479,-5516.69,0.11479,0.371428,0.2147
77900000,1,-0.246886,-5501.57,0.616091,0.37255,0.2135
78000000,3,-4.32918,-5483.51,2.70916,0.365772,0.2483
78100000,4,-0.708098,-5483.32,1.32392,0.380157,0.2612
78200000,3,-1.49992,-5489.57,1.5322,0.364904,0.2549
78300000,3,-0.327208,-5490.43,0.917555,0.369098,0.2216
78400000,3,-0.0980395,-5484.83,0.744,0.371363,0.2477
78500000,3,-0.490252,-5481.97,0.970485,0.370858,0.2412
78600000,1,-0.208632,-5507.17,0.507926,0.380055,0.2669
78700000,3,0.241365,-5492.09,0.969799,0.36326,0.2377
78800000,3,-1.09198,-5480.75,1.0825,0.367452,0.2471
78900000,3,-2.1017,-5492.06,3.08575,0.368632,0.2356
79000000,3,-1.02293,-5484.22,1.52398,0.360193,0.26
79100000,4,-1.52841,-5483.05,2.48542,0.38434,0.2524
79200000,4,-1.84796,-5476.73,2.73282,0.361063,0.2643
79300000,1,-1.7886,-5510.47,1.26372,0.37132,0.2225
79400000,4,-0.53984,-5486.99,1.22304,0.383484,0.2572
79500000,2,-2.79123,-5498.41,0.63955,0.355679,0.2331
79600000,4,-4.71268,-5489.89,2.36043,0.375154,0.2676
79700000,2,0.593981,-5492.34,0.229675,0.369961,0.2415
79800000,1,-0.291862,-5500.91,0.658376,0.370111,0.2123
79900000,3,-2.74201,-5483.04,1.21872,0.356898,0.2528
80000000,2,-1.38579,-5495.11,2.23291,0.369694,0.2443
80100000,2,0.770493,-5493.61,0.114526,0.375782,0.2482
80200000,3,-1.45747,-5485.22,1.93526,0.360854,0.2574
80300000,2,-1.99556,-5498.85,2.26517,0.356702,0.235
80400000,3,-1.78674,-5485.57,2.19864,0.381134,0.2555
80500000,5,-1.64564,-5484.01,2.96813,0.366615,0.2465
80600000,2,-0.417739,-5497.04,1.27625,0.376266,0.2247
80700000,3,-0.250482,-5488.38,1.00265,0.368068,0.2665
80800000,1,-0.374248,-5505.46,0.752983,0.354469,0.207
80900000,2,-1.84527,-5497.54,1.67925,0.364385,0.2474
81000000,2,-1.38124,-5497.97,1.86203,0.362489,0.2288
81100000,1,-0.203084,-5501.86,0.631304,0.354052,0.2174
81200000,0,-0.596419,-5513.68,0.596419,0.380714,0.258
81300000,2,0.129278,-5502.39,0.818364,0.375145,0.2322
81400000,3,-4.99372,-5484.27,5.63869,0.37493,0.2263
81500000,4,-2.71742,-5486.16,3.07174,0.369403,0.2508
81600000,3,-2.22861,-5493.71,1.27436,0.350224,0.2647
81700000,3,-1.53088,-5488.29,1.72521,0.357988,0.2441
81800000,4,-1.72066,-5490.13,1.23121,0.368038,0.2387
81900000,4,-0.972938,-5482.1,1.55364,0.37091,0.251
82000000,2,-3.28876,-5499.34,2.35968,0.371244,0.2313
82100000,4,-3.05065,-5482.24,1.8991,0.345124,0.2458
82200000,4,-1.15026,-5477.06,2.07439,0.369006,0.2457
82300000,3,-1.72759,-5488.72,1.32328,0.379717,0.256
82400000,3,-1.27182,-5484.75,1.96368,0.367623,0.2497
82500000,4,-2.81837,-5482.07,3.10112,0.353827,0.252
82600000,3,-1.93386,-5481.72,2.00108,0.364373,0.2567
82700000,4,-0.922613,-5480.06,1.10748,0.362227,0.2284
82800000,1,0.140976,-5499.7,0.308549,0.378039,0.2282
82900000,3,-2.61514,-5481,2.10927,0.371364,0.2589
83000000,3,-3.21879,-5497.14,1.62308,0.364303,0.2718
83100000,2,-2.48786,-5491.52,3.23964,0.363079,0.2511
83200000,3,-1.8244,-5497.17,1.846,0.381519,0.2751
83300000,3,-0.511316,-5491.1,1.37494,0.3804,0.2528
83400000,1,-0.457148,-5508.85,0.897153,0.37279,0.2247
83500000,1,-1.09701,-5499.55,1.57131,0.365581,0.2142
83600000,1,-0.72957,-5502.73,1.22121,0.355342,0.243
83700000,0,-0.569696,-5512.72,0.569696,0.366667,0.2144
83800000,1,-1.58068,-5499.85,2.01191,0.373802,0.2452
83900000,3,-1.8707,-5486.28,1.42221,0.343459,0.2546
84000000,3,-2.97099,-5482.7,2.14645,0.364725,0.2522
84100000,4,-6.15645,-5478.54,4.81441,0.36346,0.2517
84200000,0,-0.334751,-5513.46,0.334751,0.370506,0.2158
84300000,0,-0.515654,-5515.4,0.515654,0.38722,0.2055
84400000,4,-3.51728,-5482.48,2.64276,0.360465,0.2593
84500000,1,-0.367572,-5503.29,0.764612,0.372055,0.1969
84600000,3,-2.47889,-5485.38,1.46322,0.366026,0.2397
84700000,4,-2.87704,-5479.77,2.4128,0.367445,0.2331
84800000,2,-2.31497,-5498.86,1.62642,0.366316,0.215
84900000,1,-0.220158,-5500.8,0.692069,0.38566,0.208
85000000,5,-2.16784,-5484.16,2.15689,0.360218,0.2503
85100000,3,-0.111942,-5493.36,1.39524,0.385486,0.2168
85200000,2,-0.876241,-5495.62,1.37417,0.378155,0.2303
85300000,3,-1.81694,-5485.64,1.92925,0.359439,0.2461
85400000,3,-3.28208,-5489.13,1.80004,0.357704,0.2509
85500000,3,-1.8793,-5486.31,2.51671,0.386196,0.25
85600000,3,-3.74738,-5507.84,3.99294,0.382608,0.2202
85700000,3,-0.542079,-5484.16,0.843382,0.373778,0.2564
85800000,4,0.237094,-5488.46,0.792169,0.373973,0.2506
85900000,4,-2.68726,-5484.25,2.02849,0.357716,0.2402
86000000,2,0.188455,-5497.03,0.620269,0.356311,0.2229
86100000,4,-2.26098,-5480.87,2.10127,0.378681,0.2554
86200000,1,-0.292173,-5505.91,0.714954,0.359909,0.2234
86300000,2,-0.0209219,-5491.94,0.79131,0.367439,0.2447
86400000,2,0.0663252,-5491.04,0.682178,0.363128,0.2549
86500000,1,-0.0923878,-5500.11,0.548717,0.355197,0.2117
86600000,3,-4.91773,-5488.4,5.43801,0.365602,0.2482
86700000,1,0.297712,-5500.43,0.116912,0.373277,0.2168
86800000,3,0.475478,-5493.78,0.538561,0.385725,0.2671
86900000,3,-3.75844,-5484.51,3.91046,0.36957,0.2391
87000000,1,-2.60121,-5500.26,3.02552,0.379483,0.2214
87100000,1,-1.83322,-5502.17,2.21835,0.3759,0.2211
87200000,3,-2.51863,-5496.06,3.76642,0.362442,0.2167
87300000,3,-3.53964,-5481.49,2.62181,0.3606,0.2351
87400000,2,-3.72155,-5505.8,3.97592,0.365645,0.2251
87500000,1,-2.33593,-5502.16,2.85742,0.371955,0.2131
87600000,1,-2.23951,-5505.62,2.57255,0.353487,0.1959
87700000,3,-2.14333,-5486.02,2.54116,0.35598,0.2525
87800000,1,0.147423,-5499.5,0.323979,0.370802,0.249
87900000,3,-2.89112,-5483.56,2.52887,0.370909,0.2553
88000000,1,-0.784116,-5497.84,1.24323,0.37028,0.2107
88100000,1,-0.258299,-5502.4,0.779541,0.361486,0.2159
88200000,5,-4.41421,-5484.78,2.84086,0.363265,0.262
88300000,4,-2.00241,-5487.29,1.74921,0.370274,0.2568
88400000,1,-0.971368,-5505.03,1.44055,0.383599,0.2159
88500000,1,-1.42076,-5500.03,1.84214,0.385128,0.2461
88600000,4,-4.71371,-5480.85,3.79531,0.369164,0.2323
88700000,1,-0.605483,-5501.45,1.07998,0.363446,0.2286
88800000,2,-2.71601,-5497.46,2.18071,0.366855,0.2039
88900000,4,-5.33467,-5477.4,3.89926,0.369146,0.2511
89000000,3,-3.91537,-5486.46,3.36658,0.402535,0.2507
89100000,3,-1.36557,-5484.05,1.88699,0.386565,0.2502
89200000,4,-3.5505,-5486.57,3.1004,0.365988,0.2492
89300000,3,-2.87419,-5484.7,1.47972,0.361188,0.2207
89400000,3,-1.37187,-5482.95,1.71014,0.379195,0.2566
89500000,4,-2.78612,-5487.3,1.64484,0.349594,0.255
89600000,0,-0.300903,-5515.52,0.300903,0.351429,0.2174
89700000,2,-0.762548,-5495.41,1.57471,0.368453,0.2363
89800000,3,-0.793679,-5483.76,0.514376,0.347867,0.2424
89900000,3,-1.23342,-5488.27,1.74602,0.369642,0.2569
90000000,2,0.0895613,-5489.91,0.675506,0.374832,0.2395
90100000,1,-0.401157,-5499.85,0.857381,0.375178,0.219
90200000,1,-0.0677046,-5502.81,0.514436,0.38901,0.2206
90300000,3,-0.171155,-5484.29,0.938406,0.366449,0.2543
90400000,4,-3.13795,-5481.83,2.3285,0.363766,0.2529
90500000,3,-1.24092,-5483.34,1.57333,0.381024,0.2505
90600000,3,-2.95926,-5483.71,2.60564,0.360099,0.2553
90700000,2,-1.13839,-5501.74,0.658107,0.394948,0.216
90800000,3,-4.79083,-5481.49,4.21052,0.368462,0.2308
90900000,0,-0.770863,-5513.83,0.770863,0.378871,0.209
91000000,4,-5.80503,-5482.38,5.14669,0.359156,0.2657
91100000,3,-2.65702,-5482.24,2.30866,0.367847,0.2422
91200000,2,-2.56298,-5497.79,2.1458,0.380066,0.2231
91300000,3,-3.09341,-5492.2,2.87327,0.380809,0.2222
91400000,3,-3.22429,-5484.08,2.01314,0.386752,0.2411
91500000,3,-4.6419,-5486.53,3.97514,0.375537,0.2472
91600000,3,-1.44289,-5485.28,1.07259,0.346184,0.2505
91700000,1,-0.740524,-5502.47,1.07565,0.374002,0.2054
91800000,2,-1.46552,-5493.63,2.26143,0.362602,0.2582
91900000,3,-3.49465,-5484.44,3.08677,0.369146,0.2462
92000000,3,-3.97572,-5484.81,2.9656,0.374196,0.2575
92100000,3,-3.07169,-5483.51,2.25118,0.372233,0.2513
92200000,4,-2.86323,-5484.14,3.42603,0.354621,0.2561
92300000,4,-2.30689,-5483.33,2.90268,0.361214,0.2589
92400000,4,-6.56053,-5482.18,3.57354,0.369803,0.2462
92500000,2,-0.913453,-5497.49,0.618187,0.356301,0.2744
92600000,3,-2.56013,-5487.99,3.14362,0.384168,0.2565
92700000,3,-2.91488,-5482.68,1.74503,0.375441,0.244
92800000,0,-0.291314,-5514.12,0.291314,0.355513,0.2232
92900000,4,0.149161,-5477.54,0.691259,0.372751,0.2558
93000000,3,-2.90996,-5494.06,2.02811,0.371284,0.2745
93100000,1,-0.29524,-5503.71,0.760858,0.354363,0.2207
93200000,3,0.64569,-5492.42,0.663221,0.366351,0.2235
93300000,3,-2.48641,-5483.54,3.01965,0.355905,0.2488
93400000,5,-1.59963,-5484.02,1.39914,0.379506,0.2458
93500000,3,-1.49566,-5481.77,1.70434,0.366629,0.2519
93600000,3,-0.373446,-5482.94,0.310249,0.376945,0.2439
93700000,1,-1.61457,-5500.83,2.08343,0.37556,0.2204
93800000,1,-0.650965,-5502.36,1.12006,0.34456,0.2488
93900000,5,-3.08172,-5484.29,2.64639,0.371568,0.2659
94000000,2,-0.971486,-5498.05,0.95513,0.369509,0.2137
94100000,3,-3.50191,-5483.92,3.04967,0.358035,0.2484
94200000,1,-0.238907,-5511.44,0.0939086,0.360039,0.2037
94300000,5,-3.61403,-5480.75,2.9316,0.359042,0.2588
94400000,5,-4.35595,-5483.28,2.98186,0.369564,0.2489
94500000,2,0.353334,-5492.6,0.610475,0.381019,0.2467
94600000,4,-1.59485,-5482.33,2.35886,0.367762,0.2286
94700000,3,-1.61,-5483.43,2.31255,0.369807,0.2621
94800000,1,-0.578374,-5499.88,1.02541,0.369983,0.2051
94900000,2,-1.37307,-5494.06,2.17377,0.37974,0.2269
95000000,7,-3.37453,-5478.01,2.35451,0.357009,0.2387
95100000,3,-3.23551,-5483.89,0.81877,0.358884,0.2534
95200000,0,-0.259325,-5514.11,0.259325,0.360848,0.2101
95300000,3,-1.8607,-5484.71,1.59726,0.353075,0.2304
95400000,2,-3.05507,-5496.32,2.50327,0.375826,0.2199
95500000,3,-3.30216,-5482.97,2.61986,0.36359,0.2609
95600000,1,-0.352406,-5499.64,0.781531,0.36997,0.2386
95700000,3,-2.81551,-5488.63,1.30548,0.357215,0.2456
95800000,3,-1.16687,-5488.32,1.1497,0.378349,0.2436
95900000,3,-2.83621,-5481.52,2.39324,0.372746,0.2489
96000000,1,-1.33746,-5501.5,1.7795,0.37843,0.2231
96100000,4,-3.14996,-5477.4,4.58374,0.373657,0.2274
96200000,3,-1.88044,-5488.53,1.39029,0.354365,0.2537
96300000,1,-0.315302,-5502.21,0.766039,0.383569,0.2205
96400000,3,-1.57702,-5487.48,2.19016,0.37096,0.252
96500000,3,-1.36928,-5488.99,1.30046,0.373655,0.247
96600000,3,-1.04063,-5482.42,1.75525,0.365579,0.2558
96700000,2,-4.97059,-5503.19,4.27534,0.381226,0.228
96800000,4,-5.47631,-5480.19,4.03541,0.363144,0.2442
96900000,2,-0.321804,-5496.4,1.21521,0.352173,0.2468
97000000,1,0.197444,-5501.14,0.287124,0.375267,0.2463
97100000,1,0.136453,-5499.57,0.316274,0.356561,0.2152
97200000,4,-2.40048,-5486.9,1.23058,0.350034,0.2515
97300000,5,-4.27152,-5484.43,4.02158,0.369602,0.2501
97400000,3,-1.49691,-5485.43,2.22705,0.361864,0.2361
97500000,3,-3.42049,-5481.48,2.1063,0.38051,0.2506
97600000,3,0.0303523,-5485.65,0.688066,0.360254,0.2512
97700000,4,-0.392913,-5477.85,0.90665,0.371057,0.2527
97800000,4,-3.06748,-5485.98,3.45551,0.375734,0.2434
97900000,2,-0.668282,-5499.75,0.122252,0.356229,0.277
98000000,2,-0.141433,-5493.4,0.828486,0.359915,0.2561
98100000,2,0.429681,-5495.07,0.385256,0.358776,0.2129
98200000,3,-0.934581,-5492.05,1.49556,0.360809,0.2428
98300000,1,-4.04024,-5503.36,4.45758,0.360279,0.2382
98400000,3,-3.64976,-5481.55,2.37483,0.366609,0.2568
98500000,4,-5.75601,-5485.16,1.69307,0.36185,0.2537
98600000,4,-3.11323,-5479.81,3.89468,0.383083,0.2567
98700000,2,0.196512,-5495.48,0.555945,0.384417,0.2165
98800000,4,-1.73097,-5476.86,1.97568,0.375954,0.2518
98900000,3,-0.498217,-5489.71,1.40071,0.362507,0.2522
99000000,4,-3.92216,-5480.88,2.30519,0.377308,0.2474
99100000,5,-1.87942,-5486.6,2.76421,0.3521,0.2513
99200000,3,-2.26218,-5484.52,1.46085,0.36627,0.2514
99300000,4,-3.33808,-5485.74,4.14179,0.369781,0.2621
99400000,3,-2.0425,-5483.4,1.34358,0.374064,0.2587
99500000,3,-1.06928,-5482.66,1.59367,0.381916,0.2507
99600000,4,-2.64993,-5482.84,2.29188,0.36907,0.2707
99700000,2,-0.91526,-5496.98,1.61687,0.376586,0.227
99800000,1,-1.10627,-5501.88,1.47435,0.368666,0.222
99900000,2,-0.225176,-5498.08,0.959089,0.397995,0.2329
